0.0  2.8661292630436304  3.1991157733796522  3.52483250266194  0.2686215682249186  241.98322136768968 
1.0  2.8224466897362714  3.155344223498837  3.481156746301123  0.26885641576676117  242.0150105732244 
2.0  2.7845630797653858  3.117372106786897  3.443284422039351  0.2688564157667611  242.04500113860763 
3.0  2.751776638860533  3.0845081769815303  3.410509374583702  0.26885641576676145  242.07132318756308 
4.0  2.7234534792291423  3.0561174217531812  3.3821963849299888  0.26885641576675945  242.09434170504665 
5.0  2.6990253986754587  3.0316305470656233  3.357777328940338  0.26885641576676295  242.11440678851832 
6.0  2.677986458870474  3.0105405989231224  3.3367463558260093  0.2688564157667596  242.13184806405582 
7.0  2.659888773948688  2.992398759040382  3.3186556717642897  0.2688564157667592  242.14697117151755 
8.0  2.6443378490887275  2.9768096860029294  3.3031108745740734  0.26885641576675906  242.16005593126818 
9.0  2.6309877368950665  2.963426670857928  3.2897661071897057  0.26885641576675967  242.17135581574075 
10.0  2.6195362131494315  2.951946809677651  3.2783192313733  0.268856415766758  242.18109838614902 
11.0  2.6097201160237784  2.9421063379917394  3.2685071656084443  0.26885641576676333  242.18948640468435 
12.0  2.6013109453242276  2.933676224294709  3.2601014835959288  0.2688564157667605  242.19669938615377 
13.0  2.5941107806279304  2.9264580819761594  3.252904332077162  0.26885641576676206  242.2028954042219 
14.0  2.5879485483739573  2.9202804300904233  3.246744697928884  0.26885641576676217  242.2082130129217 
15.0  2.5826766467984097  2.9149953121053676  3.2414750333226863  0.26885641576676494  242.2127731824643 
16.0  2.5781679074076616  2.9104752667726768  3.236968232849611  0.2688564157667634  242.21668117944216 
17.0  2.574312340757601  2.9066106352323486  3.2331149465624542  0.2688564157667614  242.2200283458107 
18.0  2.571016644907882  2.903307182240814  3.2298212067279177  0.2688564157667589  242.22289374943836 
19.0  2.568200104299673  2.900484006016682  3.2270063427317597  0.2688564157667603  242.22534569254285 
20.0  2.5657934825744735  2.898071709838024  3.2246011572532938  0.2688564157667584  242.22744307394115 
21.0  2.563737432521454  2.8960108085776906  3.2225463369011558  0.26885641576676356  242.22923660760895 
22.0  2.5619811147384133  2.8942503443532104  3.2207910715073402  0.26885641576676106  242.23076990431977 
23.0  2.560481000788466  2.892746687040339  3.2192918578583005  0.2688564157667626  242.2320804256901 
24.0  2.559199838534075  2.891462497297123  3.2180114655446785  0.26885641576675745  242.23320032130408 
25.0  2.5581057593705174  2.8903658317859047  3.216918044653743  0.2688564157667608  242.23415716007307 
26.0  2.557171509138195  2.889429372339538  3.215984357087441  0.2688564157667599  242.23497456689003 
27.0  2.5563737864855605  2.8886297628124384  3.2151871152819695  0.2688564157667597  242.23567277516975 
28.0  2.555692674331782  2.8879470392370115  3.2145064139824266  0.2688564157667595  242.23626910517217 
29.0  2.5551111518114444  2.8873641406418624  3.2139252424594384  0.268856415766761  242.23677837719453 
30.0  2.5546146756603485  2.8868664894676117  3.2134290661311615  0.2688564157667615  242.2372132678574 
31.0  2.5541908214190987  2.886441631936356  3.2130054679715023  0.268856415766761  242.2375846168534 
32.0  2.553828976094198  2.88607892999624  3.2126438413480893  0.2688564157667627  242.23790169070747 
33.0  2.553520075033317  2.8857692975818487  3.212335127050157  0.26885641576676156  242.2381724093222 
34.0  2.55325637675373  2.885504974915373  3.212071588248399  0.2688564157667594  242.23840354038217 
35.0  2.5530312703221423  2.885279335434613  3.211846617987873  0.2688564157667589  242.23860086604154 
36.0  2.5528391106331654  2.885086720684512  3.2116545745636027  0.26885641576675967  242.23876932575612 
37.0  2.552675077584228  2.884922299160844  3.211490640778876  0.2688564157667627  242.23891313859738 
38.0  2.552535055708423  2.884781945659652  3.211350703649591  0.2688564157667573  242.23903590795305 
39.0  2.5524155313137373  2.884662138174075  3.2112312516047687  0.26885641576676106  242.23914071110582 
40.0  2.5523135045975844  2.8845598698015995  3.211129286653578  0.2688564157667607  242.23923017585392 
41.0  2.552226414567183  2.884472573487256  3.2110422493506436  0.2688564157667646  242.23930654602347 
42.0  2.552152074907856  2.8843980577404773  3.2109679547028045  0.2688564157667607  242.2393717374715 
43.0  2.5520886192085674  2.884334451731231  3.2109045374275302  0.2688564157667588  242.2394273859486 
44.0  2.5520344541836963  2.8842801584012423  3.210850405202826  0.26885641576676067  242.23947488799746 
45.0  2.551988219726763  2.8842338144232724  3.210804198745003  0.2688564157667589  242.23951543589396 
46.0  2.551948754800514  2.884194256010535  3.210764757719309  0.2688564157667595  242.23955004749547 
47.0  2.551915068312316  2.8841604897231954  3.2107310916328866  0.2688564157667577  242.2395795917353 
48.0  2.55188631424738  2.8841316675427624  3.210702354983003  0.26885641576676095  242.2396048103971 
49.0  2.5518617704382773  2.8841070655913565  3.2106778260393765  0.2688564157667594  242.23962633670865 
50.0  2.5518408204395655  2.884086065963439  3.2106568887297575  0.2688564157667605  242.23964471122062 
51.0  2.5518229380538977  2.884068141215289  3.21063901717538  0.2688564157667598  242.23966039536455 
52.0  2.5518076741220397  2.8840528411237507  3.2106237624889764  0.268856415766761  242.2396737830287 
53.0  2.5517946452458253  2.8840397813824827  3.2106107415045377  0.268856415766762  242.23968521044202 
54.0  2.55178352416143  2.884028633952442  3.2105996271564234  0.2688564157667591  242.239694964612 
55.0  2.551774031521502  2.884019118824551  3.210590140266447  0.2688564157667619  242.23970329052887 
56.0  2.5517659288801546  2.8840109969880814  3.210582042533139  0.26885641576675706  242.2397103973157 
57.0  2.5517590127047285  2.884004064428228  3.210575130547097  0.268856415766764  242.23971646347832 
58.0  2.5517531092641925  2.8839981470024054  3.2105692306825167  0.2688564157667601  242.23972164138732 
59.0  2.551748070265769  2.8839930960665456  3.2105641947364387  0.2688564157667584  242.23972606110408 
60.0  2.5517437691303915  2.8839887847417196  3.210559896206462  0.2688564157667571  242.23972983364695 
61.0  2.5517400978134037  2.883985104727323  3.2105562271133716  0.2688564157667601  242.23973305377896 
62.0  2.5517369640907823  2.8839819635808532  3.210553095289006  0.2688564157667593  242.239735802388 
63.0  2.551734289242614  2.883979282395915  3.210550422061139  0.26885641576675895  242.23973814851811 
64.0  2.5517320060757953  2.8839769938202218  3.2105481402773575  0.26885641576675795  242.23974015110355 
65.0  2.551730057236225  2.8839750403638025  3.2105461926183083  0.2688564157667577  242.2397418604491 
66.0  2.551728393768105  2.883973372954884  3.210544530157847  0.2688564157667602  242.23974331949384 
67.0  2.5517269738842283  2.8839719497072656  3.2105431111340765  0.26885641576675984  242.23974456488912 
68.0  2.551725761916287  2.883970734868138  3.2105418999002944  0.2688564157667601  242.23974562791975 
69.0  2.551724727418884  2.8839696979199805  3.210540866029547  0.2688564157667593  242.23974653528953 
70.0  2.551723844404764  2.8839688128139738  3.210539983550321  0.2688564157667591  242.23974730979165 
71.0  2.5517230906920028  2.883968057315645  3.210539230294131  0.26885641576675534  242.23974797088246 
72.0  2.551722447346798  2.8839674124463355  3.2105385873386387  0.2688564157667599  242.23974853516853 
73.0  2.551721898207843  2.883966862006455  3.2105380385323317  0.2688564157667645  242.23974901682524 
74.0  2.551721429480364  2.8839663921685452  3.2105375700887895  0.26885641576675995  242.23974942795215 
75.0  2.551721029389561  2.8839659911299136  3.2105371702403467  0.2688564157667595  242.239749778877 
76.0  2.55172068788484  2.8839656488161567  3.2105368289424936  0.2688564157667596  242.23975007841534 
77.0  2.5517203963873385  2.8839653566280883  3.210536537621571  0.2688564157667589  242.23975033409167 
78.0  2.5517201475743923  2.883965107225696  3.210536288959346  0.26885641576676117  242.2397505523289 
79.0  2.551719935195633  2.883964894343805  3.2105360767092384  0.26885641576675756  242.23975073860913 
80.0  2.551719753915925  2.8839647126346395  3.210535895539342  0.26885641576676056  242.23975089761203 
81.0  2.5517195991813786  2.883964557533522  3.210535740898529  0.26885641576675817  242.2397510333318 
82.0  2.5517194671049266  2.883964425144176  3.210535608902085  0.2688564157667597  242.23975114917786 
83.0  2.551719354368695  2.88396431214087  3.210535496234144  0.26885641576676006  242.23975124806034 
84.0  2.5517192581406616  2.8839642156848693  3.210535400064402  0.26885641576675734  242.23975133246333 
85.0  2.551719176003497  2.8839641333531194  3.2105353179769924  0.26885641576676084  242.2397514045069 
86.0  2.551719105893849  2.8839640630773795  3.210535247909817  0.2688564157667597  242.2397514660011 
87.0  2.5517190460505024  2.88396400309226  3.2105351881027184  0.2688564157667604  242.23975151849052 
88.0  2.551718994970136  2.883963951890884  3.210535137053297  0.26885641576675884  242.23975156329388 
89.0  2.551718951369577  2.8839639081870336  3.210535093479149  0.26885641576675945  242.2397516015365 
90.0  2.551718914153539  2.88396387088283  3.210535056285655  0.26885641576676006  242.23975163417924 
91.0  2.5517188823871226  2.883963839041158  3.2105350245384807  0.2688564157667625  242.2397516620419 
92.0  2.551718855272329  2.883963811862128  3.2105349974401123  0.26885641576676006  242.23975168582473 
93.0  2.5517188321280146  2.883963788662983  3.2105349743098173  0.2688564157667575  242.2397517061249 
94.0  2.5517188123727643  2.883963768860933  3.2105349545665343  0.26885641576676106  242.23975172345249 
95.0  2.5517187955103195  2.8839637519585395  3.210534937714303  0.26885641576676117  242.23975173824283 
96.0  2.5517187811170823  2.8839637375312033  3.210534923329785  0.2688564157667633  242.2397517508673 
97.0  2.5517187688314737  2.883963725216491  3.21053491105162  0.26885641576675934  242.2397517616432 
98.0  2.5517187583448737  2.883963714705048  3.2105349005713717  0.26885641576676145  242.23975177084117 
99.0  2.551718749393853  2.88396370573282  3.210534891625772  0.2688564157667578  242.2397517786922 
