0.0  2.5482314206530448  2.880453693706477  3.2070496790834833  0.2686215682249197  242.24454630287485 
1.0  2.547642299487206  2.8806442817035283  3.2078869660967695  0.2681878719329911  242.25052615659308 
2.0  2.5478623061838523  2.8814665811938966  3.2095434334620125  0.26476459849284006  242.2746867512826 
3.0  2.5487707193389944  2.882984894294674  3.2118952287013034  0.2613800187046831  242.29833134289484 
4.0  2.550271549433723  2.88509875387408  3.214839165431382  0.25803970942032517  242.32153994184077 
5.0  2.552279106272283  2.8877219901041196  3.2182895688148374  0.2547487691350905  242.3443794607282 
6.0  2.5547113673812345  2.8907726882556255  3.2221644346842524  0.2515179555161917  242.36687549449303 
7.0  2.557489098131751  2.894173792814989  3.2263845496901915  0.24836532919913296  242.38903813715385 
8.0  2.5605670775858105  2.8978781089373604  3.2309047022370327  0.2452787740514593  242.4110519084184 
9.0  2.563903943972944  2.9018440890213877  3.235683540294469  0.24227862626383379  242.43293757821817 
10.0  2.5674578507911723  2.906030328293046  3.240679229356854  0.23940074443494871  242.45468877203297 
11.0  2.5711923568514794  2.9103999714171103  3.2458553395097813  0.23659172056071975  242.47633601765776 
12.0  2.5750702874595324  2.9149154158720263  3.2511747093968384  0.2342865813589274  242.49787417239335 
13.0  2.579047339665932  2.9195351584055627  3.2565930578477955  0.23292877746136664  242.5192760433169 
14.0  2.5830948588205493  2.924231442658255  3.2620833813876917  0.23157097356380882  242.54066221641762 
15.0  2.5871880627576607  2.9289794602436725  3.2676204175666386  0.2302131696662469  242.5620552066233 
16.0  2.5913049862366613  2.93375740853457  3.2731810640729746  0.22885536576868917  242.58347484785898 
17.0  2.5954254345783747  2.938545067056156  3.2787451376230257  0.22750096611485543  242.60493908080207 
18.0  2.599517676663774  2.9433163494957504  3.284286605949277  0.22614846545532805  242.62644536890488 
19.0  2.6035630202704096  2.9480496259688587  3.2897845638680465  0.22479596479580405  242.64802898770392 
20.0  2.6075428563897955  2.952726859342412  3.295216968667863  0.2234434641362772  242.66971693645618 
21.0  2.6114445127792623  2.957334150640346  3.300571133672514  0.22209096347675109  242.69152593635584 
22.0  2.6152492645728995  2.961855208751457  3.3058284070624153  0.22074311752444717  242.7134680690819 
23.0  2.618937094256143  2.9662687720658885  3.3109687751063372  0.2194110384161036  242.7355328970425 
24.0  2.622480092810935  2.970548667194418  3.315962930862994  0.21807895930775645  242.75767196355457 
25.0  2.625860763757738  2.974679991027525  3.3207944571069765  0.21674688019941324  242.7800052389845 
26.0  2.6290617613273946  2.9786470159211125  3.3254467155928706  0.21540627238857352  242.80255037705894 
27.0  2.6320690381023866  2.9824369390752707  3.329906030943422  0.2140615582077015  242.82537802336955 
28.0  2.634864146679948  2.986031459551511  3.3341547118739903  0.212734205259495  242.84847722227448 
29.0  2.637401036398968  2.9893900017636232  3.3381482211073656  0.21140685231128983  242.87173468021726 
30.0  2.639650087057449  2.992485068697446  3.3418606529459356  0.21007949936308568  242.8953010890722 
31.0  2.6415651162403044  2.9952797658944283  3.345284853315327  0.20875214641488038  242.91920735111637 
32.0  2.6431056648692053  2.997733024812666  3.348389614612215  0.20743244726793386  242.94349985821864 
33.0  2.6442135494892596  2.9997927163942943  3.3511403792404812  0.20612492505225605  242.968172480632 
34.0  2.644827846627736  3.0014038854988017  3.353484030484157  0.20480908187949132  242.99325493599576 
35.0  2.644875886818425  3.0025093758701606  3.3553902506039983  0.20348572502334167  243.0189416013288 
36.0  2.6442308181533623  3.0030122950240314  3.356788128619795  0.20216236816719124  243.04530392225254 
37.0  2.6424953894933583  3.002640475504135  3.3575824452049225  0.2008563302218428  243.0724201653411 
38.0  2.6393382744270526  3.0010600649950123  3.3574097798544207  0.1995528970512714  243.10056074365227 
39.0  2.634899965525463  2.9982307374588237  3.356023863589547  0.19824946388069767  243.1301533060557 
40.0  2.6293191849931254  2.994283837015  3.3535337514417645  0.1969460307101297  243.16111587150723 
41.0  2.6227030331477157  2.9893303645460065  3.3500662182540677  0.19564821500616011  243.19334920401963 
42.0  2.6151286108374308  2.983454126057005  3.3457048410987116  0.1943481298069066  243.22674394948572 
43.0  2.6066625929752085  2.976724399536414  3.3405104699538803  0.1930480446076572  243.2613092360881 
44.0  2.597361639892248  2.9691964777952444  3.3345676614072013  0.19174795940840703  243.29699396078783 
45.0  2.5872714882506394  2.9609180243842785  3.3279017050583093  0.19045759818758012  243.3337718765677 
46.0  2.576420962902263  2.951921601410243  3.3205556612275653  0.1891767849995479  243.37155803541864 
47.0  2.564843188408385  2.942236880001144  3.312572167396339  0.18789597181151402  243.41035201543633 
48.0  2.552579051615366  2.931906395000054  3.3039775542138585  0.1866020218346272  243.4502169932585 
49.0  2.539664126424474  2.9209705659613463  3.2948278948708065  0.18531650232939048  243.49123812071002 
50.0  2.5261417681475793  2.909460113275443  3.285162534657765  0.18403833828808072  243.53325176322446 
51.0  2.5120485841092455  2.897417546688751  3.2750085915806606  0.18276017424677643  243.57624849795354 
52.0  2.4974431722057155  2.884892444004535  3.2644169265223977  0.18148201020546756  243.6202734314194 
53.0  2.4828780143584908  2.8721805734229275  3.253154925481353  0.18022115563957647  243.6652934562601 
54.0  2.468888701069564  2.8597870457203505  3.24105842526035  0.17894729028960812  243.71059828458567 
55.0  2.4555893393787493  2.848013532193128  3.2295133304750534  0.1776710367367152  243.75583659927875 
56.0  2.443047724628102  2.8369343909035707  3.2187285017743585  0.17640268492285852  243.800783931652 
57.0  2.4312927623300364  2.826584654112447  3.2087298547753837  0.17514503585731467  243.84526090187725 
58.0  2.420321079360177  2.8169698501072045  3.1995139470658294  0.17388738679177015  243.88918636831073 
59.0  2.4101094747034177  2.8080764660755664  3.191057539728465  0.17262308170165727  243.93262575669962 
60.0  2.400617632771379  2.7998703670542446  3.183320309838312  0.17136659515776304  243.97563834648767 
61.0  2.3917808984827884  2.7922929761763164  3.1762340130049984  0.17011010861386694  244.0181280951648 
62.0  2.383528165672283  2.785280082209373  3.1697295626805717  0.16885362206997429  244.06111766178216 
63.0  2.3757810222803117  2.7787577416344393  3.1637339543380714  0.16761264280111016  244.10404036585714 
64.0  2.3684469901915652  2.772638821639614  3.158155616064219  0.16636573527349807  244.14655449304803 
65.0  2.3614525978799916  2.7668529467295206  3.152916779608295  0.16510968286274616  244.18895519475086 
66.0  2.3547296707281955  2.7613331971358224  3.147949346108094  0.16386808221024335  244.23135486297727 
67.0  2.348195629602834  2.7559992196002456  3.1431708424617604  0.16262987367919501  244.27360997707655 
68.0  2.341785132633438  2.750787483171802  3.138516015321498  0.16139166514814882  244.31592122303707 
69.0  2.335442542732935  2.74564277066365  3.133929308188271  0.16015243406345295  244.35840175996617 
70.0  2.329119902614558  2.7405181670721355  3.129362838363392  0.15891387581088837  244.4011339386211 
71.0  2.3227750279598443  2.735371544875737  3.1247744922343768  0.15767680157880967  244.4441657301443 
72.0  2.3163947358489123  2.730172749610694  3.1201289512126915  0.156455348309417  244.48754735842226 
73.0  2.3099381789152442  2.724897840602324  3.1154054705981133  0.15522131107930345  244.53116173354556 
74.0  2.3033888537378204  2.7195310701527737  3.110589613089595  0.15398862175451303  244.5753487703338 
75.0  2.2967254831337507  2.7140499382991465  3.1056674084627565  0.152766008712026  244.6200064556816 
76.0  2.2899252112230206  2.708432148729414  3.100609707599748  0.15154339566954136  244.66508096844564 
77.0  2.282980775295548  2.7026705592081246  3.095408310523798  0.15031996174755063  244.71071813973333 
78.0  2.2758846886224964  2.6967575563241457  3.0900557540034193  0.1490954836566787  244.75694888302195 
79.0  2.2686352764735376  2.6906906584738843  3.0845503787880224  0.14787719877208208  244.80379788549047 
80.0  2.261228503788459  2.6844654888550137  3.0788881695111026  0.1466658805521984  244.85120253919686 
81.0  2.253662514946221  2.6780820281164175  3.07306728749363  0.1454392078758642  244.89917339553452 
82.0  2.245951250862183  2.6715517264733037  3.067101665404416  0.1442282830488613  244.94796959416524 
83.0  2.2380883849248754  2.6648689634013736  3.060985000869626  0.14301735822185865  244.99724606330304 
84.0  2.2300752219236366  2.658039086766338  3.0547239738041085  0.14180312949062146  245.04719677957388 
85.0  2.221921236049073  2.651068471845204  3.048323895218199  0.14058884469139057  245.0978733293717 
86.0  2.213635083166928  2.643964061904679  3.041792175163276  0.13938351364647977  245.14924001882835 
87.0  2.205216897008912  2.636727061233204  3.0351329953935466  0.1381721996062986  245.20119472970012 
88.0  2.1966797273523646  2.6293701752623124  3.028358788457398  0.13696145468473633  245.2539235984143 
89.0  2.188034271915981  2.621902688538082  3.021475723760869  0.13575830930394872  245.3073480383614 
90.0  2.1792818654948167  2.614327024749432  3.014485230591837  0.13454874872123068  245.36138320815715 
91.0  2.170435116881387  2.606655979347248  3.007400882656038  0.13334079262724519  245.4162076621854 
92.0  2.1614998524764317  2.598894628684623  3.000228509729444  0.13214091201776648  245.47172247383537 
93.0  2.15247789903172  2.5910466101399807  2.992969947156848  0.13092893572881226  245.52785394055658 
94.0  2.1433826469544197  2.5831235729787525  2.9856385775086856  0.1297256291848637  245.58485252177206 
95.0  2.134216428879277  2.5751288044506  2.9782367404013996  0.12851968068709776  245.6424649487284 
96.0  2.124983664890562  2.5670664829800467  2.9707688597722814  0.12731320458910483  245.70084515565205 
97.0  2.1156937577050114  2.5589457911014644  2.963244334364924  0.12611054772242664  245.7599763432981 
98.0  2.106348329045474  2.55076933979678  2.9556647930460915  0.12490056956750462  245.8197881001775 
99.0  2.0969546183735446  2.542543068119104  2.9480374735923807  0.12369573214523764  245.8804466617372 
