0.0  2.5482314206530448  2.880453693706477  3.2070496790834833  0.2686215682249197  242.24454630287485 
1.0  2.5440225862220878  2.882901388539082  3.215207626449361  0.26431618321307826  242.24236403452693 
2.0  2.565673352401855  2.9097515296567065  3.249283219591448  0.21762381560637692  242.51629017718724 
3.0  2.5828473415053947  2.94271555976511  3.296261280389741  0.18403833828808358  242.7960979471151 
4.0  2.5783824769643746  2.959407897543286  3.3244219588903396  0.16304260985621225  243.10958518467976 
5.0  2.566762911011708  2.9617565861650506  3.329484031070424  0.1426126526901101  243.49053847924267 
6.0  2.5401962324763323  2.948574000141822  3.3196971154299146  0.12248471032058435  243.93800396769961 
7.0  2.493766044924119  2.914664692824899  3.2902759021302477  0.10200724653319228  244.4161260467168 
8.0  2.4269937264758696  2.8597215098102797  3.2406846546437023  0.0787007610300401  244.48640965542683 
9.0  2.342179402739389  2.786332525532473  3.173207606820779  0.050945499773858  244.59640010133631 
10.0  2.2422117251055846  2.6974233226056454  3.090714794850836  0.022809814563545965  244.7439079187131 
11.0  2.1301231721710385  2.5960108982548378  2.9967596095789477  0.004166666666666667  244.92570108438528 
12.0  2.0077017463891527  2.4839914738568205  2.893708443532056  0.004166666666666667  245.14114990534875 
13.0  1.8774461106370326  2.3644476283452356  2.7829733447149483  0.004166666666666667  245.39212365477806 
14.0  1.7448428498039206  2.2428401526489408  2.6699780946126506  0.004166666666666667  245.6691885586344 
15.0  1.6141272445812649  2.1233654331452003  2.5589367815558974  0.004166666666666667  245.9633267914351 
16.0  1.4882200412218654  2.008991269322845  2.4528109137007763  0.004166666666666667  246.26612438480913 
17.0  1.3689828019948753  1.9015369466734777  2.3534655874813724  0.004166666666666667  246.5701612777531 
18.0  1.257289081564676  1.8018607611998125  2.2617319770772504  0.004166666666666667  246.8693443722746 
19.0  1.153270170423062  1.7101054430084432  2.177809981159961  0.004166666666666667  247.15972504290298 
20.0  1.056600449581133  1.6259127308907  2.1013045279196048  0.004166666666666667  247.43867423232354 
21.0  0.9666383612833086  1.5486451900169937  2.0316168453290726  0.004166666666666667  247.70507746100077 
22.0  0.8826325415130732  1.4775592164160618  1.9679861770162144  0.004166666666666667  247.95861066501436 
23.0  0.8037500722832465  1.4118927383739313  1.9096786052939496  0.004166666666666667  248.19990429951108 
24.0  0.7293361967181349  1.350964720238517  1.8560000536055123  0.004166666666666667  248.4297609678276 
25.0  0.6588661125207049  1.2942299899476948  1.8063640471846205  0.004166666666666667  248.6488233440546 
26.0  0.5918188759401706  1.2412178073327902  1.760342970244331  0.004166666666666667  248.85763713831344 
27.0  0.5275860076471233  1.1914674677706678  1.717478597457478  0.004166666666666667  249.05688102216257 
28.0  0.46591148652670267  1.1446354813883113  1.6774234276373998  0.004166666666666667  249.2474950431445 
29.0  0.40642405243217433  1.100449420203526  1.6398728527948125  0.004166666666666667  249.42978146068663 
30.0  0.3486655837358734  1.0586139808281876  1.6046320269170558  0.004166666666666667  249.60375638630313 
31.0  0.29239159732951625  1.0188985164798898  1.5713844799988628  0.004166666666666667  249.77058320889856 
32.0  0.2371224875331554  0.981091234347606  1.5400288568496705  0.004166666666666667  249.93055489887908 
33.0  0.1823368395105269  0.9449539043843899  1.510311723389007  0.004166666666666667  250.08361207067475 
34.0  0.1276312064377184  0.9102892963105332  1.482127484733051  0.004166666666666667  250.2311487905767 
35.0  0.07225949470757838  0.8768950440623823  1.4552843762423042  0.004166666666666667  250.37248928019616 
36.0  0.015509700671818834  0.8445971980807666  1.429722217390654  0.004166666666666667  250.50904333574238 
37.0  0.0  0.7802659413152504  1.4052917646158007  0.004166666666666667  250.64012368308764 
38.0  0.0  0.7039176940887913  1.339298863206427  0.0016666666666666668  245.6403067117088 
39.0  0.0  0.6407219061743549  1.2795124656967274  0.0016666666666666668  242.8506538285974 
40.0  0.0  0.5887376048134549  1.224934270539085  0.0016666666666666668  241.35914839353745 
41.0  0.0  0.5459299789231747  1.1789140804128493  0.0016666666666666668  240.36054358862373 
42.0  0.0  0.5065670122630828  1.1356404444389814  0.0016666666666666668  239.59744154428958 
43.0  0.0  0.4693754447862859  1.0912077697105143  0.0016666666666666668  239.09673439572626 
44.0  0.0  0.43719651123562214  1.0507047234330162  0.0016666666666666668  238.76808492566752 
45.0  0.0  0.408293573149648  1.0147252572728145  0.0016666666666666668  238.4604926849088 
46.0  0.0  0.37682624900628836  0.9731443092900874  0.0016666666666666668  238.19675136474876 
47.0  0.0  0.34416005581720155  0.9253825170687431  0.0016666666666666668  238.13670384395328 
48.0  0.0  0.31473661857332164  0.8822564162126216  0.0016666666666666668  237.92774949791465 
49.0  0.0  0.2849169487920511  0.8384398981605493  0.0016666666666666668  237.92774949791465 
50.0  0.0  0.2522415931065111  0.7878466708175388  0.0016666666666666668  237.92774949791465 
51.0  0.0  0.22476988351151236  0.7424233703689399  0.0016666666666666668  237.92774949791465 
52.0  0.0  0.19467540242452144  0.6896047838530415  0.0016666666666666668  237.92774949791465 
53.0  0.0  0.1586423275014851  0.62142301490824  0.0016666666666666668  237.92774949791465 
54.0  0.0  0.10922373867854106  0.5130576086192237  0.0016666666666666668  237.92774949791465 
55.0  0.0  0.043616463448763854  0.3091668705461107  0.0016666666666666668  237.92774949791465 
56.0  0.0  0.0  0.0  0.0  237.92774949791465 
57.0  0.0  0.0  0.0  0.0  237.92774949791465 
58.0  0.0  0.0  0.0  0.0  237.92774949791465 
59.0  0.0  0.0  0.0  0.0  237.92774949791465 
60.0  0.0  0.0  0.0  0.0  237.92774949791465 
61.0  0.0  0.0  0.0  0.0  237.92774949791465 
62.0  0.0  0.0  0.0  0.0  237.92774949791465 
63.0  0.0  0.0  0.0  0.0  237.92774949791465 
64.0  0.0  0.0  0.0  0.0  237.92774949791465 
65.0  0.0  0.0  0.0  0.0  237.92774949791465 
66.0  0.0  0.0  0.0  0.0  237.92774949791465 
67.0  0.0  0.0  0.0  0.0  237.92774949791465 
68.0  0.0  0.0  0.0  0.0  237.92774949791465 
69.0  0.0  0.0  0.0  0.0  237.92774949791465 
70.0  0.0  0.0  0.0  0.0  237.92774949791465 
71.0  0.0  0.0  0.0  0.0  237.92774949791465 
72.0  0.0  0.0  0.0  0.0  237.92774949791465 
73.0  0.0  0.0  0.0  0.0  237.92774949791465 
74.0  0.0  0.0  0.0  0.0  237.92774949791465 
75.0  0.0  0.0  0.0  0.0  237.92774949791465 
76.0  0.0  0.0  0.0  0.0  237.92774949791465 
77.0  0.0  0.0  0.0  0.0  237.92774949791465 
78.0  0.0  0.0  0.0  0.0  237.92774949791465 
79.0  0.0  0.0  0.0  0.0  237.92774949791465 
80.0  0.0  0.0  0.0  0.0  237.92774949791465 
81.0  0.0  0.0  0.0  0.0  237.92774949791465 
82.0  0.0  0.0  0.0  0.0  237.92774949791465 
83.0  0.0  0.0  0.0  0.0  237.92774949791465 
84.0  0.0  0.0  0.0  0.0  237.92774949791465 
85.0  0.0  0.0  0.0  0.0  237.92774949791465 
86.0  0.0  0.0  0.0  0.0  237.92774949791465 
87.0  0.0  0.0  0.0  0.0  237.92774949791465 
88.0  0.0  0.0  0.0  0.0  237.92774949791465 
89.0  0.0  0.0  0.0  0.0  237.92774949791465 
90.0  0.0  0.0  0.0  0.0  237.92774949791465 
91.0  0.0  0.0  0.0  0.0  237.92774949791465 
92.0  0.0  0.0  0.0  0.0  237.92774949791465 
93.0  0.0  0.0  0.0  0.0  237.92774949791465 
94.0  0.0  0.0  0.0  0.0  237.92774949791465 
95.0  0.0  0.0  0.0  0.0  237.92774949791465 
96.0  0.0  0.0  0.0  0.0  237.92774949791465 
97.0  0.0  0.0  0.0  0.0  237.92774949791465 
98.0  0.0  0.0  0.0  0.0  237.92774949791465 
99.0  0.0  0.0  0.0  0.0  237.92774949791465 
