0.0  2.5482314206530448  2.880453693706477  3.2070496790834833  0.2686215682249197  242.24454630287485 
1.0  2.547295527306451  2.881627943969169  3.210053918130494  0.26575878202192665  242.24236403452693 
2.0  2.5555071970835073  2.8910964368309386  3.222226712987567  0.24958248328244742  242.32665405627677 
3.0  2.571462704213614  2.9084022549718567  3.242139439835225  0.23461743689241474  242.40650010851547 
4.0  2.5935449554766046  2.932023170387304  3.2681753657147734  0.22164012992357987  242.48211343669033 
5.0  2.6200333399948073  2.9603377084187823  3.298621423516748  0.21450766278590128  242.55475233720256 
6.0  2.64874569213629  2.991377653953811  3.3313577382057646  0.20743244726793478  242.62520745620566 
7.0  2.6763417500420443  3.02236376383511  3.3645960996312567  0.20042185249831448  242.69532941003945 
8.0  2.6954038625816263  3.0478792965873103  3.395693644524716  0.19348140634074118  242.76804931547764 
9.0  2.704322734743606  3.0642468773508544  3.41839719978632  0.18660202183462848  242.85054840890058 
10.0  2.7017509127363133  3.070151401907731  3.431677476335558  0.17979812599153713  242.94531565775864 
11.0  2.692844141236272  3.0678526223354585  3.4306785047964254  0.17304707843521083  243.05480454786397 
12.0  2.6822229799868356  3.0622558357624587  3.425444342815095  0.1663657352734997  243.1752158710694 
13.0  2.6709178547682297  3.055477966480703  3.419570493176036  0.15973958131260016  243.30682548730596 
14.0  2.6584680721115745  3.0473568499499235  3.41246248092517  0.1531735463928564  243.4462055556934 
15.0  2.6439668486059573  3.0371139689347433  3.403298138611206  0.14666588055220045  243.59227854151774 
16.0  2.6266490210280384  3.0240185506986825  3.3913202747592104  0.14018408309164343  243.74671582559756 
17.0  2.606096409671629  3.0076366237096783  3.3761479853862824  0.13374344465857357  243.91157771371363 
18.0  2.58217346573924  2.9878251836898713  3.3576122455636055  0.1273132045891042  244.08828769311566 
19.0  2.554973976709642  2.9646679859217597  3.335826851206854  0.12087556387964792  244.2786138232557 
20.0  2.5247307722212957  2.9383531389326354  3.3110147665557483  0.11439537655940035  244.39267602816057 
21.0  2.491754306759477  2.909250882543591  3.283476503127253  0.10784037607557093  244.43798193619395 
22.0  2.456419940040363  2.877753127822196  3.253613516421428  0.10116088190687222  244.4888139807908 
23.0  2.4191353170435193  2.844281346621404  3.221802916729119  0.09419587979011351  244.54453431901518 
24.0  2.380321568421584  2.8092654810602764  3.1884762110283265  0.08673080632591693  244.6044524419232 
25.0  2.340361410383494  2.7730866539275842  3.154027163325743  0.07870076103004003  244.66808032474052 
26.0  2.2995678309394947  2.736049373102094  3.118747685808104  0.0700728568470563  244.73482302623066 
27.0  2.258165873248115  2.6983687267137273  3.082868183704182  0.06107434644957034  244.80432577729968 
28.0  2.2163239491394995  2.6602167305920403  3.0465755527572003  0.0520709271822705  244.87647069123182 
29.0  2.174238336991205  2.621794472740636  3.0100427782783825  0.043067507914970694  244.95066197288222 
30.0  2.132090505354183  2.58329098185655  2.9734517057648553  0.03406408864767071  245.02683421797644 
31.0  2.090053678662401  2.5448859367579177  2.9369932455957586  0.025060669380370867  245.10442546578298 
32.0  2.0482798986382327  2.5067367882940985  2.9008161702235284  0.01605725011307104  245.18323296868553 
33.0  2.006900561066863  2.4689795320846453  2.8650383434606743  0.007053830845771132  245.26286334943515 
34.0  1.9656910056726475  2.4311849083711916  2.8297771819303237  0.004166666666666667  245.34304193796598 
35.0  1.923621058632105  2.3924500013814405  2.793834634815978  0.004166666666666667  245.42701288737155 
36.0  1.8807415315805718  2.3529615613467385  2.7571230538415326  0.004166666666666667  245.51515948081965 
37.0  1.8376839870885027  2.313318967805002  2.7202367071799562  0.004166666666666667  245.60605623156874 
38.0  1.7948675696846998  2.2739381407010946  2.6835936284498736  0.004166666666666667  245.69862822070192 
39.0  1.7525737487382547  2.2350995731659644  2.647475874011712  0.004166666666666667  245.79201455693223 
40.0  1.7109630344149056  2.1969849601100964  2.612084183287416  0.004166666666666667  245.88578222049938 
41.0  1.6701608060387374  2.15970500018452  2.577514537198189  0.004166666666666667  245.97929606413942 
42.0  1.6302358776586514  2.1233202999994285  2.543825761229994  0.004166666666666667  246.0725718674348 
43.0  1.591214415210779  2.087856890012455  2.511044257701628  0.004166666666666667  246.16503076442135 
44.0  1.5530992419502434  2.053317563365866  2.47917302691551  0.004166666666666667  246.25695784171555 
45.0  1.5158645685954482  2.0196900173233168  2.4482089596699814  0.004166666666666667  246.34785186299774 
46.0  1.479489690425723  1.986952585756231  2.4181322225822277  0.004166666666666667  246.43807183961832 
47.0  1.4439522132333475  1.9550756267488691  2.388904953910759  0.004166666666666667  246.5271758826777 
48.0  1.4092147826068953  1.9240239866966893  2.3604927709505588  0.004166666666666667  246.61559077775422 
49.0  1.3752525814153789  1.8937662965438042  2.3328607226926135  0.004166666666666667  246.70286350608848 
50.0  1.3420427082980257  1.8642769057034445  2.3059817291276716  0.004166666666666667  246.78945661101514 
51.0  1.309556292058278  1.835529375409681  2.279845724943269  0.004166666666666667  246.8748892917607 
52.0  1.2777490615187286  1.8074952983010357  2.254413768132628  0.004166666666666667  246.9595794839269 
53.0  1.2466021672313845  1.7801470003512556  2.2296533848348328  0.004166666666666667  247.0432154534949 
54.0  1.2160952785350183  1.7534581497351949  2.2055380678905596  0.004166666666666667  247.1260030737582 
55.0  1.1862031239414226  1.7274037609550885  2.1820426563580124  0.004166666666666667  247.2078993434492 
56.0  1.1569017306687006  1.7019601560965056  2.159143297730657  0.004166666666666667  247.28879164694627 
57.0  1.1281683631493258  1.6771049035262793  2.136836072695523  0.004166666666666667  247.36899514263592 
58.0  1.0999814512376205  1.6528167465012424  2.1150828311525585  0.004166666666666667  247.4480156051879 
59.0  1.0723205155297584  1.6290755290521963  2.093861495737775  0.004166666666666667  247.52633488227775 
60.0  1.0451660939558227  1.6058621232729535  2.073152768707452  0.004166666666666667  247.60374904118893 
61.0  1.0184996717986088  1.5831583601532542  2.052938313685274  0.004166666666666667  247.6801909584329 
62.0  0.9922994585516086  1.5609469649088623  2.0332006911235534  0.004166666666666667  247.7559518137509 
63.0  0.9665432082322837  1.539211497084313  2.0139428082633843  0.004166666666666667  247.83064185374843 
64.0  0.9412249837136448  1.5179362953373305  1.9951308275133646  0.004166666666666667  247.9045349438201 
65.0  0.9163294685214729  1.4971064266321144  1.9767483720141972  0.004166666666666667  247.97775031730637 
66.0  0.8918420111888329  1.4767076394926972  1.9587810351560793  0.004166666666666667  248.04980539648852 
67.0  0.8677480511564659  1.4567261576383537  1.9412150524723824  0.004166666666666667  248.12116384057308 
68.0  0.8440035922602329  1.437139446412152  1.9240370391731538  0.004166666666666667  248.19184902112545 
69.0  0.8206129347293178  1.417932037587652  1.9072403570869187  0.004166666666666667  248.26143687948812 
70.0  0.7975712515078753  1.3990994805747168  1.8908048209387873  0.004166666666666667  248.3303752678785 
71.0  0.7748698473858571  1.3806335731266262  1.8747196199016731  0.004166666666666667  248.39865639255723 
72.0  0.7524985451379517  1.3625247045711288  1.8589750681816122  0.004166666666666667  248.46586610446388 
73.0  0.7304573580902763  1.344765862593877  1.8435610902994666  0.004166666666666667  248.53232937751176 
74.0  0.7087343096890026  1.3273494490899431  1.8284716851260607  0.004166666666666667  248.5981067718509 
75.0  0.6873142074131516  1.3102639132189902  1.8137127664388613  0.004166666666666667  248.66297908024495 
76.0  0.6661850790761187  1.2934980318910658  1.7992618815407928  0.004166666666666667  248.72692684317474 
77.0  0.6453364134259194  1.2770420611789228  1.7851040131727098  0.004166666666666667  248.79021254139684 
78.0  0.6247584289945967  1.2608870289083678  1.7712300972432404  0.004166666666666667  248.8528394075602 
79.0  0.6044417668942494  1.24502444157481  1.7576315668467  0.004166666666666667  248.9144165167531 
80.0  0.5843514160486509  1.229438644734157  1.744300224458694  0.004166666666666667  248.9752717607685 
81.0  0.564471287727118  1.2141141563569324  1.7312334850592148  0.004166666666666667  249.03553020811833 
82.0  0.5448131960010913  1.1990482307479517  1.718416491201696  0.004166666666666667  249.09520754835236 
83.0  0.5253755271036752  1.1842403252380393  1.7058408503153912  0.004166666666666667  249.15384567710913 
84.0  0.5061520191962589  1.169685559274972  1.6935018410057425  0.004166666666666667  249.21182744256382 
85.0  0.4871425141525974  1.1553796986777627  1.6813933449778515  0.004166666666666667  249.26918011161732 
86.0  0.4683585801053751  1.1413228448793236  1.6695111744278837  0.004166666666666667  249.32589127717176 
87.0  0.4497749778864537  1.1275078181452738  1.657865529266134  0.004166666666666667  249.38163930871295 
88.0  0.4313697267933961  1.1139208787424428  1.646445407793703  0.004166666666666667  249.43661549815462 
89.0  0.4130742488884713  1.1005366500085008  1.6352294215405356  0.004166666666666667  249.49098767139475 
90.0  0.39492395747666553  1.0873506535914614  1.624195606256017  0.004166666666666667  249.5448678667767 
91.0  0.37692247810424845  1.0743688789870318  1.6133510030424945  0.004166666666666667  249.59817912424302 
92.0  0.35906379406828476  1.0615886141382713  1.6026935647165703  0.004166666666666667  249.650512081008 
93.0  0.34136951533231624  1.0490122613029729  1.5922273323544887  0.004166666666666667  249.70225373266257 
94.0  0.32383673816804576  1.0366407071685382  1.5819603151958888  0.004166666666666667  249.75336755644457 
95.0  0.3063308895308641  1.0244363221357327  1.571874193630762  0.004166666666666667  249.80385092420988 
96.0  0.2888929598978374  1.0123907843679973  1.5619345456596685  0.004166666666666667  249.8539161330215 
97.0  0.27152084525111764  1.0005127043819473  1.5521521229986899  0.004166666666666667  249.90319013023932 
98.0  0.2542628716430844  0.988810053795065  1.542525628954845  0.004166666666666667  249.9518347708989 
99.0  0.2371041339217814  0.9772825558972164  1.5330671804440765  0.004166666666666667  249.99988572007317 
