0.0  2.8661292630436304  3.1991157733796522  3.52483250266194  0.2686215682249186  241.98322136768968 
1.0  2.822061007451732  3.15521525868345  3.4812510072955067  0.2686297671914565  242.01775935195005 
2.0  2.784020759057014  3.117291567570954  3.443699393700414  0.2674762418727803  242.0555077226632 
3.0  2.751294393329532  3.0846922998739337  3.41146290819063  0.2663269455981873  242.08954880984763 
4.0  2.723230515991973  3.056765775458848  3.383888083238964  0.26518158065162295  242.1202309134443 
5.0  2.6992461915273727  3.0329270176354095  3.3603919920473984  0.2640400998451451  242.14789516504138 
6.0  2.678819773450523  3.0126534989737337  3.3404530156625305  0.26290367215803345  242.17286399689598 
7.0  2.6614837715926507  2.9954778987284754  3.3236037059939156  0.2617700068196688  242.19543983655544 
8.0  2.6468259098813984  2.980986897315104  3.3094318373533698  0.260643260499247  242.21590501841834 
9.0  2.6344860160086845  2.9688189224905637  3.2975772916524053  0.25951909236987875  242.23451670045688 
10.0  2.624148510691291  2.958657757767394  3.2877245456000352  0.2584010579677394  242.25150556915622 
11.0  2.6155318990208496  2.950222964941164  3.2795921621352226  0.25728796493784306  242.26707854135168 
12.0  2.6083968842967806  2.943273217493541  3.2729408982735206  0.2561787830855195  242.2814244017557 
13.0  2.6025362352306174  2.937600719803558  3.267563573226185  0.25507637961960955  242.2947059960485 
14.0  2.597768265912061  2.933024006243221  3.263278548892083  0.2539795470167421  242.30706640110932 
15.0  2.593934171480507  2.929383927667683  3.2599270650052223  0.2528878428002826  242.31863279091004 
16.0  2.590895535064502  2.9265413981970307  3.2573707458270498  0.25180794173760607  242.32948466128184 
17.0  2.588538206326354  2.9243817479333796  3.255495475866727  0.2507359097710769  242.33974944281007 
18.0  2.586759378269264  2.922803350071441  3.2541984811852993  0.24967087937146998  242.3495137306807 
19.0  2.5854751871857005  2.921720961368003  3.2533959255960965  0.24861260246828795  242.3588522933244 
20.0  2.584614836678386  2.9210635208858107  3.2530170364800717  0.24756157089942102  242.36782635741793 
21.0  2.5841183286006144  2.9207712036938753  3.2530018362702755  0.24651471632319671  242.37650744240418 
22.0  2.583930750397165  2.9207894613117897  3.253295432010158  0.24547457026043315  242.38492831986332 
23.0  2.5840080635164213  2.9210731060862964  3.2538538009901576  0.24444300781190456  242.3931217404992 
24.0  2.5843126328610926  2.921584403531563  3.254639321876336  0.24342172240486123  242.40112044499043 
25.0  2.584805710679281  2.922286260285993  3.2556132618637545  0.24241043495178038  242.4089525154682 
26.0  2.585460724868685  2.9231503086644834  3.256749058907969  0.2414094744719479  242.41664717385024 
27.0  2.586255112345767  2.9241538955932143  3.2580241585472276  0.24042157461724262  242.42422437582343 
28.0  2.5871651556329445  2.92527442046061  3.2594148528342672  0.23944669171671074  242.4317011098636 
29.0  2.588172845499676  2.92649324494403  3.2609031397722554  0.23848674975968429  242.43909541548447 
30.0  2.589265110502287  2.9277966621557474  3.262475953080722  0.23754369278835138  242.44642098594917 
31.0  2.5904280475571078  2.9291714551597945  3.2641193954304732  0.23660735149694873  242.45368773043924 
32.0  2.5916485815171995  2.930604837886382  3.265820397245312  0.23609831104905277  242.4609062921791 
33.0  2.5929195940154806  2.9320881600025848  3.267571843030576  0.23564438525648615  242.46808673953865 
34.0  2.5942281635276925  2.933609531246565  3.2693608170825086  0.23519178395730034  242.47520264505556 
35.0  2.5955635999054985  2.9351590820715088  3.2711766341507804  0.23473918265811242  242.48228836746472 
36.0  2.5969233832195666  2.936732830797682  3.2730167753004697  0.23428658135892946  242.48935969750494 
37.0  2.5983047152047156  2.9383281512444728  3.27487844359636  0.23383398005974076  242.49641855228572 
38.0  2.5996987386814596  2.939937902883262  3.2767535912878296  0.23338137876055695  242.50346708459784 
39.0  2.6011041648630084  2.94155918920047  3.2786402502785825  0.23292877746136828  242.51051230420563 
40.0  2.602519809353911  2.9431908487904583  3.280537112804062  0.23247617616218205  242.51755521024856 
41.0  2.603937989871423  2.9448268771689015  3.282436499233406  0.23202357486299396  242.52459672504907 
42.0  2.605358973315713  2.9464658080056325  3.2843386762856204  0.23157097356380768  242.5316429963357 
43.0  2.6067831031063617  2.948107945220878  3.2862439870893385  0.2311183722646234  242.53869381792137 
44.0  2.6082036747291846  2.9497483559470146  3.288145729860854  0.23066577096543564  242.54574892051502 
45.0  2.6096218134396234  2.95138644001522  3.290045029402508  0.23021316966624683  242.55281372262573 
46.0  2.61103845305719  2.9530231140118635  3.291942818990086  0.22976056836706066  242.55988734793155 
47.0  2.6124475726913747  2.954654109339268  3.2938330805862774  0.22930796706787673  242.56696906914837 
48.0  2.6138516306057085  2.9562798989214265  3.295718270867567  0.22885536576868618  242.57406379704875 
49.0  2.615249866719463  2.9579005864195427  3.297597631213726  0.22840276446950145  242.58116958407416 
50.0  2.616639307590104  2.9595133815245886  3.2994681880422325  0.22795179966803103  242.58828708958515 
51.0  2.6180171009516817  2.9611158175391052  3.30132744022808  0.22750096611485457  242.5954094693902 
52.0  2.6193808910702203  2.9627064668518934  3.3031753865676885  0.2270501325616801  242.60254779157106 
53.0  2.6207279779920625  2.9642819146902935  3.3050066238384503  0.226599299008503  242.60970465095886 
54.0  2.62206202621853  2.9658442381958037  3.3068248147184445  0.22614846545532785  242.61688234013448 
55.0  2.6233811957882045  2.9673928969783474  3.3086281205947485  0.22569763190215592  242.6240779410039 
56.0  2.624685582358678  2.968927526287702  3.3104166368327097  0.2252467983489782  242.63129304339466 
57.0  2.6259779564088293  2.970450268586327  3.3121931334846897  0.22479596479580444  242.63852765311435 
58.0  2.627252510307951  2.9719575264054203  3.3139518135928245  0.22434513124262861  242.6457795678851 
59.0  2.628511988998631  2.9734499346095604  3.3156954161399637  0.22389429768945485  242.65305366382253 
60.0  2.6297551038980793  2.9749273372742002  3.31742265229979  0.22344346413627683  242.66034776617295 
61.0  2.6309814829150446  2.976388756364251  3.319133146013177  0.22299263058310373  242.66766303225427 
62.0  2.6321928457042785  2.977835745081634  3.3208286197110803  0.22254179702992932  242.67499986566742 
63.0  2.6333869426789316  2.9792668873402715  3.3225068286659134  0.2220909634767516  242.68235693076724 
64.0  2.6345631000925684  2.9806813273686354  3.3241671113534252  0.2216401299235742  242.68973619413893 
65.0  2.635720630386352  2.982078526782998  3.325808768001791  0.22118929637040283  242.6971383193344 
66.0  2.6368594940861647  2.9834573540569447  3.3274317519583154  0.22074311752444803  242.70456398630483 
67.0  2.6379761364928265  2.9848150024714593  3.32903251635159  0.22029909115499904  242.71198564012187 
68.0  2.6390659812017634  2.9861478964052153  3.3306065131283122  0.21985506478555272  242.71942114240267 
69.0  2.640130819378018  2.9874566376508396  3.332155513783924  0.2194110384161026  242.72688725565303 
70.0  2.641170947979687  2.988741812133458  3.3336791654540723  0.21896701204665453  242.7343826162357 
71.0  2.6421882208583773  2.9900045330143676  3.335179954976406  0.2185229856772086  242.7419071134172 
72.0  2.6431791873242276  2.9912437104865504  3.3366545097931457  0.2180789593077597  242.74945931780547 
73.0  2.64414366551515  2.9924575561423037  3.338102586886636  0.21763493293830855  242.7570422887511 
74.0  2.64508469633208  2.993648505413606  3.339527220951596  0.21719090656886098  242.7646563309211 
75.0  2.6459978768705916  2.994814318183094  3.340924074246913  0.2167468801994145  242.77229900781194 
76.0  2.6468848544493366  2.9959548719029843  3.342294786090912  0.2163028538299646  242.77997421406695 
77.0  2.647743642590938  2.9970696110502493  3.34363733222083  0.21585557718991163  242.7876807036522 
78.0  2.648576776559466  2.998160098007732  3.3449543105171653  0.21540627238857277  242.79544026705167 
79.0  2.649385015279207  2.9992277029940038  3.346246529192628  0.2149569675872384  242.80324350127154 
80.0  2.6501652625446726  3.0002692687283092  3.347510771208909  0.214507662785902  242.8110774955609 
81.0  2.650919958450264  3.001286165102132  3.3487496915311334  0.21406155820770273  242.81894507088708 
82.0  2.651637336106383  3.0022696268445226  3.349951465333335  0.2136191072249652  242.8268246969128 
83.0  2.6523205689755756  3.003219130620389  3.3511191734329344  0.2131766562422294  242.83472381102672 
84.0  2.652962763016463  3.0041316753170424  3.3522463969417062  0.21273420525949555  242.842662213375 
85.0  2.6535673823057055  3.0050077759761793  3.353336089925004  0.21229175427675875  242.850646095014 
86.0  2.6541322978339603  3.005846771374382  3.3543868781430604  0.2118493032940257  242.85867268776732 
87.0  2.6546547258496163  3.006646504215616  3.3553955148349117  0.2114068523112908  242.86674407665075 
88.0  2.6551372299885756  3.007407710397485  3.3563652363640126  0.21096440132855535  242.87486293617798 
89.0  2.655573287120302  3.0081270406817304  3.357289402134296  0.21052195034582202  242.883027283987 
90.0  2.6559650639084706  3.0088038367823655  3.358170975703989  0.21007949936308615  242.89124309082337 
91.0  2.6563057752448165  3.0094349445126882  3.3590105904206258  0.2096370483803486  242.89950874172558 
92.0  2.6565920806333216  3.0100156685377697  3.3598046367370737  0.20919459739761626  242.9078304924877 
93.0  2.65682658521306  3.010546957387173  3.360549821762109  0.20875214641488113  242.91621161326668 
94.0  2.6570012403229653  3.011023977249414  3.361243510910202  0.20830969543214756  242.92465014552542 
95.0  2.6571225439231108  3.0114489933812  3.3618867896853426  0.20786828800649398  242.93315355811652 
96.0  2.657178353763323  3.011814830496115  3.362473259298959  0.2074324472679333  242.9417098848453 
97.0  2.6571703092211303  3.0121187846512854  3.3630059644746093  0.20699660652937424  242.9503016587478 
98.0  2.657089666699276  3.0123566812135696  3.363477999084322  0.20656076579081534  242.95896287300974 
99.0  2.656939419388003  3.0125284735950504  3.3638898363703618  0.20612492505225696  242.96770177024806 
