0.0  2.5482314206530448  2.880453693706477  3.2070496790834833  0.2686215682249197  242.24454630287485 
1.0  2.546452439958259  2.881977682449269  3.2114413041252186  0.2646966056223007  242.24236403452693 
2.0  2.5589323530456793  2.896487544622787  3.230110402889107  0.2411014867192598  242.3755218268675 
3.0  2.582762394077435  2.9227623369591504  3.2601236454971456  0.21781920230922627  242.50381697193458 
4.0  2.6135345713760927  2.956952110813585  3.2972190104257932  0.20568908431369712  242.62821514562185 
5.0  2.6403047728111706  2.9909565268094798  3.3371463756136155  0.1947814915399915  242.75172313171117 
6.0  2.653004979147998  3.0149488050597153  3.370858142130401  0.18403833828808414  242.88428172287428 
7.0  2.6502769078716626  3.0242890296646547  3.3878278116560203  0.17346817043658647  243.0369801140068 
8.0  2.642869417691023  3.02486203865281  3.3888370745412764  0.1630426098562103  243.21410127822605 
9.0  2.6326190226050836  3.0215208039198616  3.3869672971616542  0.15276600871202653  243.4147797755827 
10.0  2.6176040902186344  3.0131966975639015  3.3802847024235487  0.1426126526901082  243.6325787649698 
11.0  2.5959730325369517  2.998167964843391  3.3670374971612484  0.1325387786991231  243.8695549576129 
12.0  2.566935618901988  2.975599615412849  3.3464299849400523  0.12248471032058358  244.1313348773008 
13.0  2.5305534501316136  2.945420856577942  3.318530599799061  0.11235625079732359  244.37493901640948 
14.0  2.4873403815012085  2.908230702711206  3.283850132044515  0.10200724653319192  244.42894370318226 
15.0  2.438163405541914  2.8649989992073857  3.243231587477752  0.09099690434123098  244.49615330582836 
16.0  2.384107795095988  2.81683496973055  3.197785883793188  0.07870076103003985  244.5751438726572 
17.0  2.3262325397333568  2.764776170151866  3.148540953023203  0.065013342379014  244.66433575564395 
18.0  2.265381428366216  2.709649732061523  3.096359060038299  0.050945499773858  244.76284299230815 
19.0  2.2023269419560236  2.6522532779454537  3.0419914889977906  0.03687765716870201  244.86944905756198 
20.0  2.1378819254282204  2.593425492026357  2.986273050019007  0.022809814563545965  244.9829970847374 
21.0  2.0728113805641124  2.533955127797276  2.929940191145607  0.008741971958389865  245.1021778024915 
22.0  2.0072653801739024  2.4737173555338647  2.8737147156953298  0.004166666666666667  245.22547307506932 
23.0  1.9401232661908212  2.4118300415854557  2.81620099194071  0.004166666666666667  245.35682317927112 
24.0  1.871929851380292  2.348955203783427  2.7576505567407046  0.004166666666666667  245.49622195271982 
25.0  1.8038851488159036  2.286294667824103  2.6992943160463048  0.004166666666666667  245.64088005782864 
26.0  1.7368147897122912  2.2246932399508603  2.6419518298554205  0.004166666666666667  245.7885874109685 
27.0  1.6713179825798732  2.164714008825104  2.5861896147614574  0.004166666666666667  245.93761273972677 
28.0  1.6077390164369179  2.1067030418774073  2.532376488434947  0.004166666666666667  246.08656346902671 
29.0  1.546228186847522  2.050844420124322  2.480687675254042  0.004166666666666667  246.2345762165996 
30.0  1.4868917267736381  1.9972059567849363  2.431183328964487  0.004166666666666667  246.38098664672694 
31.0  1.4297033015058436  1.945771112029955  2.3838525991362087  0.004166666666666667  246.5253590549453 
32.0  1.3745908414783976  1.8964687342674913  2.3386506336008255  0.004166666666666667  246.66746255972336 
33.0  1.321450869028297  1.8492088286264747  2.2954583299285245  0.004166666666666667  246.807053207583 
34.0  1.270202418667536  1.8038920915903518  2.254174811320562  0.004166666666666667  246.94400408833084 
35.0  1.2207390816267454  1.76040814177224  2.2146895202041557  0.004166666666666667  247.07844296266512 
36.0  1.1729495677747483  1.7186466503539246  2.1769203670336936  0.004166666666666667  247.21041546526797 
37.0  1.126726980536699  1.6785017945783078  2.1407340807802706  0.004166666666666667  247.3396049446609 
38.0  1.0819708514315596  1.6398742760436462  2.106029322163129  0.004166666666666667  247.46639697293227 
39.0  1.0385779451705108  1.6026721064686846  2.0727133983357886  0.004166666666666667  247.5908641831076 
40.0  0.996460612408928  1.5668106526963346  2.040731560737744  0.004166666666666667  247.71265232939876 
41.0  0.9555526567904072  1.5322122760042252  2.0099760184815545  0.004166666666666667  247.83229045356717 
42.0  0.9157814368189059  1.4988057806884147  1.9803743571566725  0.004166666666666667  247.94948391051383 
43.0  0.8770800423244384  1.4665258008575037  1.9518605549886423  0.004166666666666667  248.06443442687717 
44.0  0.8393492461558867  1.4353007219457412  1.9244055390877137  0.004166666666666667  248.17717953807167 
45.0  0.8025390076588713  1.4050672688747659  1.8979070162451404  0.004166666666666667  248.2877064420566 
46.0  0.766612186420113  1.375781981819335  1.8723169647150142  0.004166666666666667  248.39623779514196 
47.0  0.7315356576685034  1.3474070036604795  1.847594563375969  0.004166666666666667  248.5025346745074 
48.0  0.697275474635262  1.3199061669735568  1.8237341401791647  0.004166666666666667  248.60681235464335 
49.0  0.6637790631981668  1.2932387861524788  1.8006671676277195  0.004166666666666667  248.70893470201423 
50.0  0.6310013262661441  1.2673627242896095  1.7783504867666786  0.004166666666666667  248.8089735290384 
51.0  0.5989013640260552  1.2422403292336992  1.7567460861718405  0.004166666666666667  248.90714243498005 
52.0  0.5673730835853517  1.217817419019764  1.735852306845218  0.004166666666666667  249.00307087947283 
53.0  0.5364097155105891  1.1940560787399663  1.715582586917134  0.004166666666666667  249.0974752187614 
54.0  0.5059971726326722  1.1709397285444547  1.6959173139935566  0.004166666666666667  249.1897797963759 
55.0  0.47613386603392843  1.1484533016034089  1.6768352496621965  0.004166666666666667  249.28031881078132 
56.0  0.4467987957418783  1.126579304957406  1.6583536490609652  0.004166666666666667  249.3691926757578 
57.0  0.417878345473662  1.105271667121697  1.6404157898023446  0.004166666666666667  249.45579161663983 
58.0  0.3893140484093695  1.0844838858469814  1.6229745107038605  0.004166666666666667  249.54092954743447 
59.0  0.3611151025536439  1.0642008056665782  1.6060028232303436  0.004166666666666667  249.6246332954599 
60.0  0.33331285446552367  1.0444245648653843  1.589524380692794  0.004166666666666667  249.70628288239084 
61.0  0.3057703077154778  1.025116933519224  1.5735010704784285  0.004166666666666667  249.78639292051952 
62.0  0.2784034772943317  1.0062328298980603  1.5578883211079408  0.004166666666666667  249.86515719040054 
63.0  0.2512546799498068  0.9877727609544392  1.542665239618123  0.004166666666666667  249.94223225429303 
64.0  0.22424526362087066  0.9697147000692391  1.5278659088598825  0.004166666666666667  250.01773523735494 
65.0  0.19726121436396415  0.9520153764844809  1.513428243181895  0.004166666666666667  250.09195572362412 
66.0  0.17043971595005852  0.9346907201058094  1.4993240850347203  0.004166666666666667  250.16501141332634 
67.0  0.1434526721486797  0.9176808750533569  1.4855817395611461  0.004166666666666667  250.23617471888622 
68.0  0.11645354711769064  0.9009847565677309  1.4721600769162755  0.004166666666666667  250.30629167528744 
69.0  0.08916773643799794  0.8845704530632171  1.4590559849261036  0.004166666666666667  250.37513427924608 
70.0  0.06159128879960658  0.8684231074381414  1.4462325338688005  0.004166666666666667  250.442911254407 
71.0  0.033648281031685254  0.8525264736766803  1.4337026480037527  0.004166666666666667  250.50929829057492 
72.0  0.007041613211103993  0.8372642373534379  1.4214683508998938  0.004166666666666667  250.57435191476952 
73.0  0.0  0.7927964989209508  1.4098306511995875  0.004166666666666667  250.63560453100953 
74.0  0.0  0.7346057376612867  1.3633787220407814  0.004166666666666667  247.5782071014412 
75.0  0.0  0.6893296085240722  1.3197063381748833  0.0016666666666666668  245.34728381149094 
76.0  0.0  0.6554669861444782  1.2882952675714716  0.0016666666666666668  243.7583364087253 
77.0  0.0  0.6256907762687492  1.2592124896986567  0.0016666666666666668  242.64143309723303 
78.0  0.0  0.6018353229527251  1.232737490209193  0.0016666666666666668  242.05397947934384 
79.0  0.0  0.5834004945576492  1.2138417419185243  0.0016666666666666668  241.5238140405439 
80.0  0.0  0.5634429798832661  1.194726950492427  0.0016666666666666668  240.89930206523042 
81.0  0.0  0.5424273616724016  1.1709697138327357  0.0016666666666666668  240.48768706566935 
82.0  0.0  0.5229785739669891  1.1513503695800322  0.0016666666666666668  240.00737203508984 
83.0  0.0  0.5008114045739234  1.1268627902004384  0.0016666666666666668  239.59744154428958 
84.0  0.0  0.48149897006889925  1.101959794728005  0.0016666666666666668  239.4162893880384 
85.0  0.0  0.4674479080123223  1.0865467065392485  0.0016666666666666668  239.17157188837166 
86.0  0.0  0.45154843527165756  1.0661418489136307  0.0016666666666666668  239.02507619769145 
87.0  0.0  0.4370006614151855  1.0506462114591124  0.0016666666666666668  238.76808492566752 
88.0  0.0  0.4180013087097192  1.0248502495663012  0.0016666666666666668  238.65593613072488 
89.0  0.0  0.40435822888327266  1.0092237123236323  0.0016666666666666668  238.4604926849088 
90.0  0.0  0.3854937787873766  0.9829501219474833  0.0016666666666666668  238.37577958037687 
91.0  0.0  0.37285628137964977  0.9671867764327963  0.0016666666666666668  238.2291134460661 
92.0  0.0  0.3541015821409261  0.9403936910618829  0.0016666666666666668  238.16597031874718 
93.0  0.0  0.34298678317621  0.9244852291424625  0.0016666666666666668  238.13670384395328 
94.0  0.0  0.32409935394170825  0.8970569927353459  0.0016666666666666668  237.92774949791465 
95.0  0.0  0.30877220468616223  0.8750693158022419  0.0016666666666666668  237.92774949791465 
96.0  0.0  0.28955590728955627  0.8469859271603687  0.0016666666666666668  237.92774949791465 
97.0  0.0  0.2707596057401687  0.8184950234008929  0.0016666666666666668  237.92774949791465 
98.0  0.0  0.260452720495334  0.8020632766597731  0.0016666666666666668  237.92774949791465 
99.0  0.0  0.24233701739933822  0.7730116948119681  0.0016666666666666668  237.92774949791465 
