0.0  2.548231420653044  2.880453693706476  3.2070496790834815  0.2686215682249185  242.24454630287485 
1.0  2.544286034853671  2.879607745347852  3.2088561713667447  0.26641387792695115  242.27500822491115 
2.0  2.5437995677441076  2.8815643028240725  3.214145086826812  0.2536138092432582  242.37338029109733 
3.0  2.546276134776053  2.8865238471619077  3.222395476327733  0.24213942909615108  242.47045473918374 
4.0  2.551220569021654  2.8940100497794767  3.233114032663341  0.23092999485493965  242.56670544544664 
5.0  2.558000386216546  2.9034449804354323  3.2456897886338774  0.22344346413627747  242.66211523239244 
6.0  2.565953609389886  2.9142077549752963  3.2594578782352603  0.21807895930775692  242.75733773269587 
7.0  2.5743064811262673  2.925575627313656  3.2736211469218  0.21273420525949313  242.8527086479196 
8.0  2.5820324616365222  2.9366572376558575  3.2872772272005824  0.20743244726793372  242.94905480551395 
9.0  2.587518402513722  2.9461177420135987  3.2997262635162508  0.2021623681671892  243.04718264615073 
10.0  2.5865510114247683  2.9510004061395203  3.3096959475587617  0.19694603071012848  243.14875702368482 
11.0  2.577913308486064  2.9490725701292093  3.3136344289152957  0.1917479594084057  243.25787888491718 
12.0  2.5612902106886546  2.9397220836085856  3.310637291843356  0.18660202183462854  243.37657652166743 
13.0  2.5364149196654013  2.9227214010697993  3.300621097473467  0.18148201020546517  243.50573806597072 
14.0  2.505937532843318  2.899411753995252  3.2815293838217308  0.17640268492286001  243.64680304458858 
15.0  2.474322020097597  2.873457338408731  3.256911193309047  0.17136659515776256  243.7978991955027 
16.0  2.4433434480942635  2.8475716338229553  3.232946332860512  0.16636573527350187  243.9548335090452 
17.0  2.4133815032510397  2.822470568609571  3.210002905904325  0.16139166514815  244.12036992226103 
18.0  2.3840864054492945  2.79795546229357  3.1877117072605365  0.15645534830941885  244.2900095060542 
19.0  2.3548958900659254  2.773488182205626  3.1654868826253155  0.1515433956695421  244.46392570160546 
20.0  2.325210515912043  2.748531639426122  3.142772098102359  0.1466658805521976  244.64319062970384 
21.0  2.2945608874840953  2.722624083908838  3.1191210520772232  0.1418031294906205  244.82888758352198 
22.0  2.262684206536515  2.6954852034562182  3.094283709520103  0.13696145468473497  245.02236910204294 
23.0  2.2294748384444216  2.6669950330325083  3.0681136128995354  0.13214091201776615  245.22458009888328 
24.0  2.1949375774220714  2.6371625191795736  3.0406226450278906  0.12731320458910306  245.4364357061191 
25.0  2.1591739964348706  2.606086665717607  3.0119370816990885  0.12248471032058486  245.65911027233588 
26.0  2.122321823179204  2.5738807446999896  2.982178598904982  0.11764327033106552  245.82457341477834 
27.0  2.084549827993295  2.540739353849826  2.9515059537645687  0.11276611535270999  245.91567124271108 
28.0  2.0460529306961863  2.5068671271487935  2.920123594720797  0.10784037607557262  246.00944076913197 
29.0  2.007026772052212  2.472465100111976  2.8882397280956207  0.10284613480910575  246.10571574047623 
30.0  1.9676677392642743  2.437736588376777  2.856031584453322  0.09773575995520173  246.20395323269216 
31.0  1.9281595487372913  2.4028780264754657  2.8236946590340697  0.09238059873633606  246.30380280643035 
32.0  1.8886693035039568  2.368062490275893  2.7914086509186187  0.08673080632591663  246.40495600596057 
33.0  1.8493565131543563  2.3334411429715125  2.759327415847559  0.08076450720662125  246.50685249484428 
34.0  1.810334750391131  2.299124497695885  2.7275467439039787  0.07446172400803593  246.60948046517981 
35.0  1.771672682211333  2.26517572909645  2.696135613092269  0.0678269109000452  246.71238694429087 
36.0  1.7333961077451032  2.231614704212218  2.6651201720181366  0.06107434644957034  246.81568034180594 
37.0  1.6955108194376722  2.1984487269852706  2.6345273911306575  0.05432178199909548  246.91924914854317 
38.0  1.6580453230795955  2.1657015568640077  2.6043599737528162  0.04756921754862053  247.02296729226256 
39.0  1.6210144185280007  2.1333991871137976  2.574636895412911  0.04081665309814565  247.12691892035946 
40.0  1.5844534760760909  2.1015766285354376  2.545395280201032  0.03406408864767071  247.23065634546765 
41.0  1.548376416941629  2.0702540660059703  2.516653457669837  0.027311524197195885  247.3344436092603 
42.0  1.5128128276359658  2.0394636580815755  2.4884561436305783  0.02055895974672095  247.4378547257869 
43.0  1.4777857105465322  2.0092314247075915  2.46080803569139  0.01380639529624601  247.54095527824754 
44.0  1.4432990412883817  1.9795750466390987  2.4337286248578827  0.007053830845771132  247.64359290967863 
45.0  1.4091413226364629  1.9500580490995991  2.407226322758569  0.004166666666666667  247.74554971399297 
46.0  1.3742512767350143  1.9196879716921413  2.380190769732645  0.004166666666666667  247.85082264196464 
47.0  1.338445673523531  1.8884439052537894  2.3522701641873556  0.004166666666666667  247.96041413795683 
48.0  1.302386369255993  1.856982659947618  2.324108528070096  0.004166666666666667  248.07265183542782 
49.0  1.266475628683162  1.8257033121421968  2.2961082830356982  0.004166666666666667  248.18581721734623 
50.0  1.2309241070226233  1.7948263267128455  2.2685064805647315  0.004166666666666667  248.2993889215289 
51.0  1.195853886842172  1.7644863752397195  2.241421800667885  0.004166666666666667  248.41259943039572 
52.0  1.1613634279453606  1.7347582919205466  2.2149382730466165  0.004166666666666667  248.52534177109592 
53.0  1.12748722609794  1.7056745867937761  2.1890965788125722  0.004166666666666667  248.63721397114156 
54.0  1.0942334031445327  1.6772436446536305  2.1638917013916723  0.004166666666666667  248.74822003588872 
55.0  1.0615960629472372  1.649460027698957  2.139318192024859  0.004166666666666667  248.85825876170085 
56.0  1.0295615975529853  1.6223107243963981  2.115362929498758  0.004166666666666667  248.9672090517298 
57.0  0.9981124351242598  1.5957788613137442  2.0920088725403088  0.004166666666666667  249.0752785514319 
58.0  0.9672071144132767  1.5698458560377924  2.0692397994325558  0.004166666666666667  249.1820633733438 
59.0  0.9368447666503031  1.5444926305517515  2.047051662775973  0.004166666666666667  249.28803121756803 
60.0  0.9070086066911877  1.5197002697993989  2.025407794368593  0.004166666666666667  249.39274013648338 
61.0  0.8776792512625458  1.495450359690807  2.0042895525609277  0.004166666666666667  249.49649577490072 
62.0  0.8488379107309658  1.4717251442862525  1.9836789568494708  0.004166666666666667  249.59926744499077 
63.0  0.8204664424979795  1.4485075837645915  1.9635587487603932  0.004166666666666667  249.70080196173092 
64.0  0.792547350030827  1.4257813597870697  1.943912399480617  0.004166666666666667  249.80150392715962 
65.0  0.7650637537041535  1.4035308542488678  1.9247433688004192  0.004166666666666667  249.90101175280458 
66.0  0.7379993475669733  1.3817411155234682  1.9060193091362785  0.004166666666666667  249.9994872915341 
67.0  0.7113383493148469  1.3603978196001025  1.8877239242246815  0.004166666666666667  250.09712645433194 
68.0  0.685045896998934  1.3394872298147162  1.8698433178240375  0.004166666666666667  250.19345235481498 
69.0  0.6591068411077888  1.318986703522417  1.8523641607026335  0.004166666666666667  250.2888670519114 
70.0  0.6334847626311435  1.29887297594906  1.835265875863878  0.004166666666666667  250.38348373197232 
71.0  0.6081876679866257  1.2791377426577841  1.8185436931729175  0.004166666666666667  250.47685187793698 
72.0  0.5832106696293217  1.2597782995781168  1.8021861663144658  0.004166666666666667  250.56937411080602 
73.0  0.5585433917653353  1.2407869057101302  1.786179460871192  0.004166666666666667  250.6610790489393 
74.0  0.5341731388623603  1.222153893426812  1.7705140672995798  0.004166666666666667  250.75155350730412 
75.0  0.5100876320271941  1.2038697662285271  1.7551798858091303  0.004166666666666667  250.84108309942692 
76.0  0.48627666726152674  1.1859265460365473  1.7401672646097486  0.004166666666666667  250.9297884167402 
77.0  0.4627471613369005  1.1683189302695078  1.7254796311340175  0.004166666666666667  251.01746254073913 
78.0  0.43947522506861897  1.1510391481304634  1.711112747851363  0.004166666666666667  251.10396372800966 
79.0  0.4164380570602842  1.1340727650607727  1.6970432072848571  0.004166666666666667  251.1896257333047 
80.0  0.3935855260198807  1.1173987573776805  1.6832590350632712  0.004166666666666667  251.27446804847136 
81.0  0.3708616866360519  1.1009897837867282  1.6697406081199926  0.004166666666666667  251.35819754970714 
82.0  0.3482857505979699  1.0848387953147973  1.6564681087368018  0.004166666666666667  251.44112160172045 
83.0  0.32584920329573935  1.0689471833222834  1.6434546961838594  0.004166666666666667  251.5233114491373 
84.0  0.3035849258689689  1.0533205920016449  1.6306994652199605  0.004166666666666667  251.6047567497699 
85.0  0.28141862159456765  1.037945519578255  1.6181953349386213  0.004166666666666667  251.68502571204382 
86.0  0.2592228964203195  1.0227759036954769  1.6059193533503804  0.004166666666666667  251.76446007124164 
87.0  0.23702393709048505  1.0077979925951412  1.593837304126755  0.004166666666666667  251.84335056938892 
88.0  0.21491000084441894  0.9930402372576548  1.5819569778075648  0.004166666666666667  251.92161953209535 
89.0  0.19255361483172392  0.9784326891936687  1.5703082186746133  0.004166666666666667  251.99892553436328 
90.0  0.1700278845089539  0.9639523069896319  1.5588213594389506  0.004166666666666667  252.07562715472756 
91.0  0.14734749337691  0.9496201391624773  1.547503336073428  0.004166666666666667  252.1518345209204 
92.0  0.1242200374587591  0.9353783405504297  1.5363617416433106  0.004166666666666667  252.22747396034543 
93.0  0.10072860125733439  0.921213715533076  1.5253402534629983  0.004166666666666667  252.30288745831356 
94.0  0.07675941100312948  0.9071254399075396  1.5144667106593372  0.004166666666666667  252.37759815327703 
95.0  0.0524428659226905  0.8931417634433717  1.5037351217011803  0.004166666666666667  252.4517919571108 
96.0  0.027771608299138842  0.8792949722221363  1.4931931320819891  0.004166666666666667  252.52536575870724 
97.0  0.005115735443422104  0.866190804334721  1.4828305698282709  0.004166666666666667  252.59824135133206 
98.0  0.0  0.8420733842933561  1.4732591630541598  0.004166666666666667  252.66621813850287 
99.0  0.0  0.8093960807367457  1.4500899603903663  0.004166666666666667  252.82790030570698 
