0.0  2.548231420653044  2.880453693706476  3.2070496790834815  0.2686215682249185  242.24454630287485 
1.0  2.547642299487203  2.8806442817035256  3.207886966096767  0.2681878719329911  242.25052615659314 
2.0  2.5478623061838506  2.881466581193895  3.2095434334620108  0.26476459849284084  242.2746867512826 
3.0  2.548770719338995  2.882984894294674  3.211895228701304  0.2613800187046825  242.29833134289493 
4.0  2.550271549433725  2.885098753874081  3.2148391654313837  0.25803970942032484  242.3215399418408 
5.0  2.5522791062722816  2.8877219901041182  3.218289568814836  0.254748769135095  242.34437946072808 
6.0  2.5547113673812314  2.890772688255623  3.2221644346842497  0.2515179555161921  242.36687549449303 
7.0  2.5574890981317484  2.894173792814986  3.2263845496901884  0.2483653291991336  242.38903813715385 
8.0  2.560567077585809  2.8978781089373586  3.2309047022370305  0.24527877405145931  242.41105190841833 
9.0  2.563903943972942  2.9018440890213855  3.235683540294467  0.24227862626383515  242.43293757821823 
10.0  2.567457850791171  2.9060303282930446  3.2406792293568527  0.23940074443494874  242.45468877203302 
11.0  2.5711923568514785  2.910399971417109  3.2458553395097804  0.23659172056071995  242.47633601765773 
12.0  2.5750702874595306  2.914915415872025  3.251174709396837  0.2342865813589269  242.4978741723934 
13.0  2.5790473396659315  2.919535158405562  3.2565930578477946  0.23292877746136717  242.5192760433169 
14.0  2.58309485882055  2.924231442658255  3.2620833813876913  0.23157097356380837  242.54066221641762 
15.0  2.5871880627576624  2.928979460243674  3.2676204175666403  0.23021316966624603  242.5620552066233 
16.0  2.5913049862366644  2.933757408534572  3.273181064072977  0.22885536576868837  242.58347484785895 
17.0  2.595425434578378  2.93854506705616  3.2787451376230288  0.22750096611485446  242.60493908080207 
18.0  2.5995176766637784  2.9433163494957544  3.284286605949281  0.2261484654553283  242.62644536890488 
19.0  2.6035630202704145  2.9480496259688627  3.289784563868051  0.22479596479580286  242.64802898770392 
20.0  2.6075428563898004  2.952726859342416  3.2952169686678676  0.2234434641362774  242.66971693645615 
21.0  2.611444512779269  2.957334150640352  3.30057113367252  0.22209096347675192  242.69152593635582 
22.0  2.6152492645729044  2.961855208751461  3.305828407062419  0.22074311752444875  242.71346806908193 
23.0  2.6189370942561467  2.966268772065893  3.3109687751063412  0.219411038416103  242.7355328970424 
24.0  2.622480092810939  2.9705486671944215  3.3159629308629976  0.2180789593077573  242.75767196355457 
25.0  2.6258607637577422  2.97467999102753  3.320794457106981  0.21674688019941174  242.78000523898444 
26.0  2.6290617613274008  2.9786470159211182  3.325446715592876  0.21540627238857185  242.80255037705902 
27.0  2.6320690381023932  2.982436939075277  3.3299060309434285  0.21406155820770223  242.82537802336955 
28.0  2.634864146679952  2.9860314595515147  3.3341547118739943  0.21273420525949563  242.84847722227448 
29.0  2.63740103639897  2.989390001763625  3.338148221107368  0.21140685231129197  242.87173468021732 
30.0  2.6396500870574475  2.9924850686974445  3.3418606529459343  0.21007949936308712  242.89530108907218 
31.0  2.6415651162403027  2.995279765894426  3.3452848533153254  0.20875214641488174  242.9192073511164 
32.0  2.6431056648692044  2.9977330248126637  3.348389614612213  0.20743244726793433  242.9434998582186 
33.0  2.6442135494892587  2.9997927163942935  3.3511403792404804  0.20612492505225727  242.96817248063203 
34.0  2.644827846627734  3.0014038854987986  3.353484030484155  0.20480908187949184  242.99325493599568 
35.0  2.644875886818424  3.0025093758701584  3.3553902506039956  0.20348572502334228  243.0189416013288 
36.0  2.6442308181533623  3.0030122950240314  3.3567881286197947  0.20216236816719113  243.04530392225257 
37.0  2.6424953894933583  3.002640475504136  3.357582445204923  0.20085633022184235  243.0724201653411 
38.0  2.639338274427053  3.0010600649950137  3.357409779854421  0.19955289705126947  243.1005607436523 
39.0  2.634899965525467  2.998230737458827  3.356023863589551  0.198249463880699  243.13015330605572 
40.0  2.6293191849931294  2.9942838370150033  3.353533751441768  0.19694603071012912  243.1611158715072 
41.0  2.6227030331477197  2.9893303645460105  3.350066218254072  0.19564821500616023  243.19334920401957 
42.0  2.615128610837435  2.9834541260570093  3.345704841098715  0.1943481298069071  243.22674394948575 
43.0  2.6066625929752125  2.9767243995364177  3.3405104699538835  0.1930480446076589  243.26130923608804 
44.0  2.59736163989225  2.969196477795248  3.334567661407205  0.191747959408409  243.29699396078783 
45.0  2.587271488250642  2.960918024384281  3.3279017050583106  0.1904575981875797  243.33377187656768 
46.0  2.5764209629022665  2.9519216014102465  3.320555661227569  0.18917678499954796  243.37155803541862 
47.0  2.5648431884083873  2.9422368800011465  3.312572167396342  0.1878959718115137  243.4103520154363 
48.0  2.5525790516153686  2.931906395000056  3.303977554213861  0.186602021834628  243.45021699325852 
49.0  2.539664126424475  2.9209705659613467  3.294827894870807  0.18531650232939056  243.49123812071002 
50.0  2.526141768147578  2.9094601132754416  3.285162534657763  0.18403833828808253  243.53325176322443 
51.0  2.5120485841092433  2.8974175466887497  3.275008591580659  0.18276017424677313  243.57624849795351 
52.0  2.497443172205715  2.884892444004535  3.264416926522399  0.18148201020546686  243.62027343141943 
53.0  2.4828780143584916  2.872180573422929  3.2531549254813537  0.18022115563957514  243.66529345626017 
54.0  2.4688887010695653  2.859787045720352  3.241058425260351  0.1789472902896086  243.71059828458561 
55.0  2.455589339378748  2.848013532193127  3.229513330475052  0.17767103673671536  243.7558365992787 
56.0  2.4430477246281  2.8369343909035685  3.2187285017743568  0.17640268492285902  243.800783931652 
57.0  2.4312927623300333  2.8265846541124438  3.2087298547753806  0.1751450358573158  243.8452609018773 
58.0  2.4203210793601735  2.816969850107201  3.1995139470658254  0.1738873867917697  243.88918636831073 
59.0  2.410109474703414  2.808076466075563  3.191057539728461  0.17262308170165705  243.93262575669965 
60.0  2.400617632771377  2.799870367054242  3.1833203098383094  0.17136659515776198  243.9756383464877 
61.0  2.391780898482786  2.7922929761763147  3.176234013004996  0.17011010861386744  244.01812809516483 
62.0  2.3835281656722813  2.7852800822093715  3.1697295626805704  0.16885362206997162  244.06111766178213 
63.0  2.3757810222803104  2.778757741634438  3.16373395433807  0.1676126428011099  244.10404036585712 
64.0  2.368446990191565  2.7726388216396134  3.1581556160642186  0.1663657352734968  244.146554493048 
65.0  2.3614525978799925  2.7668529467295215  3.1529167796082955  0.1651096828627459  244.1889551947509 
66.0  2.3547296707281973  2.7613331971358237  3.147949346108095  0.16386808221024224  244.2313548629772 
67.0  2.3481956296028357  2.7559992196002474  3.143170842461762  0.16262987367919626  244.2736099770765 
68.0  2.341785132633437  2.7507874831718007  3.1385160153214966  0.16139166514814896  244.31592122303707 
69.0  2.335442542732933  2.745642770663648  3.1339293081882698  0.16015243406345162  244.35840175996614 
70.0  2.329119902614557  2.740518167072134  3.1293628383633902  0.15891387581088895  244.4011339386211 
71.0  2.3227750279598443  2.7353715448757367  3.1247744922343763  0.15767680157880967  244.44416573014433 
72.0  2.3163947358489123  2.730172749610694  3.120128951212691  0.15645534830941718  244.48754735842226 
73.0  2.3099381789152442  2.7248978406023237  3.1154054705981133  0.15522131107930534  244.53116173354556 
74.0  2.303388853737819  2.7195310701527724  3.1105896130895934  0.1539886217545129  244.57534877033382 
75.0  2.296725483133749  2.7140499382991448  3.1056674084627547  0.15276600871202592  244.62000645568156 
76.0  2.2899252112230197  2.7084321487294125  3.1006097075997467  0.15154339566954272  244.6650809684456 
77.0  2.282980775295547  2.702670559208124  3.0954083105237973  0.1503199617475493  244.7107181397333 
78.0  2.2758846886224955  2.696757556324145  3.090055754003418  0.14909548365667802  244.75694888302195 
79.0  2.2686352764735385  2.6906906584738848  3.0845503787880224  0.14787719877208427  244.80379788549047 
80.0  2.261228503788462  2.684465488855017  3.078888169511106  0.14666588055219865  244.8512025391969 
81.0  2.253662514946221  2.6780820281164175  3.07306728749363  0.14543920787586384  244.89917339553452 
82.0  2.245951250862184  2.6715517264733046  3.0671016654044174  0.14422828304886273  244.94796959416527 
83.0  2.2380883849248763  2.664868963401375  3.0609850008696275  0.1430173582218594  244.99724606330304 
84.0  2.2300752219236366  2.658039086766338  3.0547239738041085  0.1418031294906224  245.04719677957382 
85.0  2.2219212360490737  2.6510684718452047  3.048323895218199  0.14058884469139035  245.09787332937162 
86.0  2.213635083166928  2.643964061904679  3.0417921751632764  0.13938351364647866  245.14924001882838 
87.0  2.205216897008913  2.636727061233204  3.0351329953935466  0.13817219960630162  245.20119472970015 
88.0  2.196679727352364  2.629370175262312  3.028358788457397  0.13696145468473392  245.25392359841427 
89.0  2.1880342719159813  2.621902688538082  3.021475723760869  0.13575830930395155  245.30734803836145 
90.0  2.1792818654948136  2.614327024749428  3.0144852305918337  0.13454874872123232  245.3613832081571 
91.0  2.1704351168813827  2.606655979347244  3.007400882656034  0.13334079262724538  245.41620766218543 
92.0  2.1614998524764286  2.5988946286846195  3.0002285097294403  0.13214091201776734  245.47172247383546 
93.0  2.1524778990317177  2.591046610139978  2.992969947156845  0.1309289357288113  245.5278539405566 
94.0  2.1433826469544197  2.583123572978753  2.9856385775086856  0.1297256291848624  245.58485252177206 
95.0  2.134216428879279  2.5751288044506024  2.9782367404014014  0.12851968068709807  245.64246494872842 
96.0  2.1249836648905656  2.56706648298005  2.9707688597722846  0.1273132045891052  245.7008451556521 
97.0  2.1156937577050132  2.558945791101466  2.9632443343649255  0.12611054772242686  245.75997634329806 
98.0  2.106348329045477  2.550769339796782  2.9556647930460938  0.12490056956750518  245.81978810017748 
99.0  2.0969546183735472  2.5425430681191066  2.9480374735923833  0.12369573214523556  245.88044666173718 
