0.0  2.548231420653044  2.880453693706476  3.2070496790834815  0.2686215682249185  242.24454630287485 
1.0  2.546529727542234  2.8803011332480413  3.2082113809938684  0.2675559879950499  242.25868756225225 
2.0  2.5465129574878778  2.881500199571382  3.2110821548038677  0.26083109892253414  242.3074907163653 
3.0  2.547953346719516  2.8841649450429157  3.2154094233961703  0.25430323779168273  242.3554019924187 
4.0  2.550619970704888  2.8880683987605407  3.220962261328352  0.24805791275068625  242.4024132923381 
5.0  2.5543381742212063  2.893035159683625  3.2275660101083212  0.24218632190483796  242.44886746307574 
6.0  2.558947386730944  2.898903773079011  3.235060107717437  0.23656827415637782  242.49486321641663 
7.0  2.5642641946514737  2.9054975793593116  3.243261189589175  0.23157097356380751  242.54031893832217 
8.0  2.5701184494076417  2.912653958713474  3.252003618572074  0.22885536576868762  242.58542578137147 
9.0  2.57636482408052  2.9202299102893527  3.2611402493700914  0.22614846545532982  242.6303966150504 
10.0  2.582839540219902  2.928076601741358  3.270521166569566  0.22344346413627986  242.6752932335117 
11.0  2.5894054332726073  2.936051946570661  3.279993034480939  0.22074311752444603  242.72028616708315 
12.0  2.595925455791804  2.9440220773950303  3.2894182022493332  0.21807895930775753  242.765473703507 
13.0  2.6022252496697593  2.9518257855724848  3.29862070541338  0.21540627238857663  242.81078321055702 
14.0  2.608153316649417  2.9593249549013727  3.30745440574584  0.21273420525949577  242.85664244662033 
15.0  2.6135260946880363  2.966350869315655  3.315745190271861  0.2100794993630853  242.90314234359107 
16.0  2.6180685840269735  2.9726718628394337  3.3233386423255062  0.2074324472679332  242.9503562335151 
17.0  2.6214851139536344  2.978017963031419  3.3300916961320706  0.204809081879491  242.9986136926371 
18.0  2.623314787815329  2.982014617299015  3.3357398044952586  0.20216236816718747  243.04811297773838 
19.0  2.62217503608219  2.983738755066006  3.339930796503278  0.19955289705127124  243.09962944427863 
20.0  2.617631562771693  2.982424538543165  3.3414697123298946  0.19694603071012792  243.15412144099372 
21.0  2.6099057418263913  2.978042253673197  3.3400390283931243  0.19434812980691024  243.212358176178 
22.0  2.5991291986706564  2.9707532593369192  3.335812010532234  0.19174795940840703  243.2742444213593 
23.0  2.5854205095318497  2.960677961620604  3.328932217740497  0.18917678499954815  243.33989511710618 
24.0  2.5688490822944594  2.947900660746078  3.3195032269833242  0.18660202183462682  243.40914940476864 
25.0  2.549538944369339  2.932541020463245  3.307690267439863  0.18403833828808183  243.48235474406926 
26.0  2.527654757431198  2.91474944941096  3.293631469211512  0.18148201020546526  243.55948201669622 
27.0  2.504508157543187  2.895263824393849  3.276626566187707  0.1789472902896071  243.64059730215243 
28.0  2.4816909725574114  2.8754992110673268  3.2573165723397417  0.17640268492285988  243.7243814599246 
29.0  2.459846069875659  2.85647111763751  3.2389798353477373  0.1738873867917698  243.8094398025607 
30.0  2.4393119808921333  2.838579542852554  3.2219542240703962  0.17136659515776193  243.89475144054245 
31.0  2.4202176005189884  2.822008371550909  3.206364138163861  0.16885362206997312  243.98017474784982 
32.0  2.402486471400446  2.8067290178888404  3.1921461880062276  0.16636573527350115  244.06747317316734 
33.0  2.3859115964958773  2.792568182776429  3.179084585651032  0.16386808221024166  244.1546736634795 
34.0  2.370253523092405  2.779306745722909  3.1669400627191555  0.16139166514814857  244.24200442212776 
35.0  2.355228089329833  2.766672143027594  3.1554287691000513  0.15891387581089145  244.32942755387063 
36.0  2.3406047355107096  2.7544231333198237  3.1442984629212027  0.156455348309419  244.4174881159518 
37.0  2.326170410216384  2.7423483295085984  3.133337806218272  0.15398862175451422  244.50627402984952 
38.0  2.3117375500557307  2.7302771000596087  3.1223900254899957  0.1515433956695413  244.59635118920463 
39.0  2.297138783635815  2.7180424029986683  3.1112776489104177  0.14909548365667843  244.68771553464973 
40.0  2.282269736309871  2.7055371264838834  3.099896503927635  0.1466658805521997  244.7808941959574 
41.0  2.2670436446265456  2.692675138291266  3.088160023066124  0.14422828304886248  244.87587445613994 
42.0  2.251410851547678  2.679410813352808  3.0760289250854003  0.1418031294906223  244.9731424751414 
43.0  2.2353416844396876  2.6657090404639416  3.063470160385134  0.1393835136464773  245.07263926869723 
44.0  2.21883812728423  2.6515700094106873  3.050490396014265  0.136961454684735  245.17458178789155 
45.0  2.2019158173798004  2.6370049205514587  3.037089759217299  0.13454874872123376  245.27916524559174 
46.0  2.184594365569713  2.6220361538547694  3.023291766207206  0.1321409120177658  245.38634648111804 
47.0  2.166901998903104  2.606693053597323  3.0091247980070444  0.12972562918486236  245.49626412769908 
48.0  2.1488772294111835  2.5910133284421555  2.9946274013119156  0.1273132045891027  245.6091288281808 
49.0  2.1305533951606455  2.575030507384531  2.9798329521587115  0.12490056956750682  245.72490455768775 
50.0  2.1119645473282933  2.558777226108438  2.964782543857366  0.12248471032058483  245.84367491604954 
51.0  2.093151007573673  2.542290228344308  2.9495163331383685  0.12006804530527575  245.89216912490062 
52.0  2.074141213300645  2.525604589117916  2.9340558643800216  0.11764327033106592  245.93860704367353 
53.0  2.0549725480246983  2.5087578485801774  2.9184373140046524  0.1152087954869515  245.98572253420122 
54.0  2.0356804349451525  2.4917857445019833  2.9026964239348176  0.1127661153527084  246.03344472001402 
55.0  2.0162920426263056  2.474719243968878  2.8868640290342755  0.11031015404657923  246.08157673352164 
56.0  1.9968384997924837  2.457587373034282  2.8709687529753967  0.107840376075572  246.13018670956396 
57.0  1.9773460184316796  2.4404166973438293  2.8550366706302053  0.10535692468989902  246.1792246770755 
58.0  1.9578387023658554  2.4232328939130667  2.8391045858153747  0.10284613480910403  246.22863857649668 
59.0  1.9383429750882735  2.406062195611473  2.823186453243298  0.10031684686340361  246.27836804048488 
60.0  1.918879682199594  2.3889274131188034  2.807302919018916  0.0977357599552001  246.32822887344517 
61.0  1.8994722656974043  2.3718520431610353  2.79147744357075  0.09509261943529104  246.37827630595734 
62.0  1.88013217074935  2.35485107360779  2.7757257485332465  0.09238059873633447  246.4284913167957 
63.0  1.8608721453982828  2.337939145873598  2.7600664913477955  0.08959444546299898  246.47882489060555 
64.0  1.841707227857419  2.3211266638405825  2.744504582853716  0.08673080632591662  246.52926300332285 
65.0  1.8226467317557824  2.3044238441404934  2.7290493623609566  0.08378760363252608  246.57961997112898 
66.0  1.8037028735740899  2.28784030600096  2.713722424481141  0.08076450720662058  246.63001005692095 
67.0  1.7848700848662484  2.271372875604475  2.6985119196408545  0.07765506087490565  246.68045251190668 
68.0  1.7661581003097808  2.2550274967931663  2.683424587058515  0.07446172400803644  246.7309170893705 
69.0  1.7475540776860616  2.2387937564606797  2.6684476386905214  0.07118450514258022  246.78142681389681 
70.0  1.7290627927339286  2.222672266213605  2.6535858839924846  0.0678269109000452  246.83180998244183 
71.0  1.7106669905769836  2.206648172985718  2.638822135083947  0.06445062867480784  246.88227559911388 
72.0  1.6923710797806661  2.1907223508100193  2.624160839150907  0.06107434644957034  246.93280888947672 
73.0  1.6741628178897479  2.1748858384700998  2.609589820861093  0.05769806422433283  246.98344329014753 
74.0  1.6560496406300147  2.159145755307655  2.595116552552802  0.05432178199909548  247.03413042005994 
75.0  1.6380348441364545  2.1435040091781605  2.580756002610638  0.050945499773858  247.0847251112421 
76.0  1.6201189607687008  2.1279604483186083  2.5664928012914134  0.04756921754862053  247.1353935514277 
77.0  1.6023087654309818  2.1125251078988874  2.552337947917569  0.04419293532338311  247.18609903104502 
78.0  1.5846088986496845  2.0972028192810446  2.5382962190311584  0.04081665309814565  247.23682357182534 
79.0  1.5670224444670042  2.0819952946363887  2.5243707420220676  0.03744037087290808  247.28751334890129 
80.0  1.5495453268064028  2.066900643398228  2.510557498581672  0.03406408864767071  247.338066436178 
81.0  1.5321833805239786  2.051924968989799  2.496862362487278  0.03068780642243331  247.38860934111975 
82.0  1.5149408402153741  2.0370728050384717  2.4832896090801166  0.027311524197195885  247.43912379242994 
83.0  1.497820929503821  2.022347704626972  2.4698425039571723  0.023935241971958333  247.48959408269062 
84.0  1.4808262537748544  2.007752633107491  2.456530876562824  0.02055895974672095  247.53996215356048 
85.0  1.463959058892774  1.993290226998161  2.443354406816412  0.017182677521483582  247.59010587864006 
86.0  1.4472213991229732  1.9789629621530747  2.430310657412895  0.01380639529624601  247.64016338083027 
87.0  1.4306152439286073  1.9647732608343693  2.4174016431449656  0.010430113071008586  247.6901212436247 
88.0  1.4141425438628925  1.9507235578667872  2.4046293594609107  0.007053830845771132  247.73996570506824 
89.0  1.3977707897596716  1.9367566941561636  2.39199582096172  0.004166666666666667  247.78966181659754 
90.0  1.3812178693329522  1.9224415861188922  2.3793556058549044  0.004166666666666667  247.83953917945422 
91.0  1.3638366018781716  1.9073247971860428  2.3659016654443  0.004166666666666667  247.89255724295978 
92.0  1.346041841946017  1.891807007696326  2.352037968355173  0.004166666666666667  247.9474097545784 
93.0  1.328076654273979  1.87612895036078  2.338007266381513  0.004166666666666667  248.00330013238516 
94.0  1.3100857616808472  1.8604339285964278  2.3239587808842237  0.004166666666666667  248.05959994819747 
95.0  1.2921542444836045  1.8448061743408162  2.3099782733582637  0.004166666666666667  248.11604164793212 
96.0  1.2743312252857004  1.8292943179463657  2.296109347884068  0.004166666666666667  248.1725646381431 
97.0  1.2566442976051537  1.8139256818043064  2.282379599792632  0.004166666666666667  248.22906417370973 
98.0  1.239108264559675  1.7987149345592883  2.268803848618638  0.004166666666666667  248.2853818418013 
99.0  1.2217235679640914  1.7836655160192532  2.255389391499829  0.004166666666666667  248.34140271107944 
