0.0  2.548231420653044  2.880453693706476  3.2070496790834815  0.2686215682249185  242.24454630287485 
1.0  2.5479059901741232  2.880518967945145  3.2074160798359057  0.2688564157667616  242.25052615659314 
2.0  2.5466676302573488  2.879654736264968  3.206870117241402  0.26885641576676117  242.2590403306074 
3.0  2.544647743892624  2.878008145080199  3.2055454795056324  0.2688564157667592  242.26823736965892 
4.0  2.5419559101839333  2.875690163513485  3.2035542881944497  0.26885641576676295  242.2780189705709 
5.0  2.5386907453916194  2.872797522619154  3.2009901271345225  0.2688564157667604  242.28830353164506 
6.0  2.53493591512236  2.869414739544157  3.1979372686825105  0.26885641576676017  242.29901784865203 
7.0  2.5307642028025605  2.8656141048873702  3.1944677947934927  0.26885641576676245  242.31009950995207 
8.0  2.5262373398168916  2.8614574761749427  3.190643384941185  0.2688564157667593  242.32149524250318 
9.0  2.52140813300102  2.856997798951506  3.1865168325716993  0.2688564157667608  242.33315952982645 
10.0  2.5163217904175803  2.852280399638527  3.1821333340734936  0.26885641576676245  242.34505345228902 
11.0  2.5110170191856773  2.847344086405728  3.1775315863760176  0.268856415766759  242.35714371033373 
12.0  2.5055269617363782  2.84222208799616  3.1727447230110384  0.26885641576676395  242.36940179914978 
13.0  2.4998799952855655  2.836942855374914  3.167801113420792  0.26885641576676045  242.38180330937402 
14.0  2.494100415220303  2.831530746961733  3.1627250462035916  0.2688564157667574  242.39432733317327 
15.0  2.4882090197521314  2.8260066148535348  3.1575373136459706  0.2688564157667572  242.40695595880686 
16.0  2.482223610443771  2.820388306686808  3.152255712144492  0.26885641576675845  242.4196738397574 
17.0  2.4761594209450113  2.8146910955118023  3.1468954708504544  0.2688564157667632  242.43246782689758 
18.0  2.4700294843864574  2.808928048157285  3.1414696189839866  0.26885641576676017  242.4453266541008 
19.0  2.4638449483037816  2.8031103409837184  3.135989300688499  0.26885641576676006  242.45824066926548 
20.0  2.457615344642876  2.797247530596558  3.130464044974575  0.26885641576675695  242.47120160400917 
21.0  2.4513446272372095  2.791346290309947  3.124901997189422  0.2688564157667591  242.4842023763494 
22.0  2.445037344714745  2.7854104393028196  3.119306557046505  0.2688564157667596  242.49724013783515 
23.0  2.4387004550869698  2.779444979370674  3.1136816250116026  0.2688564157667552  242.51031156566853 
24.0  2.432339898895886  2.7734558671358664  3.1080331407296238  0.2688564157667615  242.52341146238982 
25.0  2.4259607458969463  2.767448186116578  3.102366173196123  0.2688564157667615  242.53653538098493 
26.0  2.4195673207749864  2.7614262727808647  3.0966850464600433  0.2688564157667589  242.5496795175057 
27.0  2.4131633108755306  2.7553938245670935  3.0909934473428735  0.26885641576675817  242.5628406189724 
28.0  2.4067518585086196  2.7493539924350574  3.085294517731378  0.26885641576675984  242.5760159043815 
29.0  2.400335640018856  2.743309460147465  3.0795909336374803  0.26885641576675995  242.5892029969544 
30.0  2.393916933503999  2.737262512169304  3.0738849729075692  0.2688564157667619  242.60239986603256 
31.0  2.387497676797701  2.7312150918051454  3.0681785731968607  0.2688564157667622  242.6156047772511 
32.0  2.381079517103199  2.725168850964908  3.062473381595446  0.26885641576676206  242.6288162498185 
33.0  2.3746638534685003  2.7191251927519073  3.05677079709656  0.2688564157667647  242.64203194469695 
34.0  2.3682518731250095  2.713085307897908  3.0510720069290183  0.2688564157667604  242.6552404494415 
35.0  2.361844582566817  2.707050205924759  3.0453780176308993  0.2688564157667586  242.66845221828964 
36.0  2.3554428341237457  2.701020741787736  3.0396896816175483  0.26885641576675867  242.68166646941424 
37.0  2.3490473486741514  2.694997638648363  3.034007719889889  0.26885641576676295  242.69488253657096 
38.0  2.3426587350521033  2.688981507332783  3.028332741437574  0.26885641576676167  242.70809985225156 
39.0  2.3362775066244064  2.682972862952468  3.0226652598124004  0.268856415766757  242.72131793326457 
40.0  2.3299047861759306  2.676972373667927  3.017005707280068  0.26885641576675945  242.7345363683974 
41.0  2.3235413626589723  2.6709809346107938  3.011355029312371  0.26885641576675473  242.74775426270926 
42.0  2.317187369112863  2.6649990306527847  3.00571388859759  0.26885641576676017  242.76097097920527 
43.0  2.3108429142704607  2.6590267712182465  3.0000823941814794  0.2688564157667591  242.77418639607245 
44.0  2.3045080862008946  2.6530642450163637  2.994460634455997  0.2688564157667588  242.7874004100086 
45.0  2.2981829554147364  2.647111523154374  2.9888486802634993  0.26885641576675784  242.80061293348757 
46.0  2.291867577510015  2.641168661790441  2.9832465875419536  0.26885641576675673  242.81382389242307 
47.0  2.285561995426137  2.6352357043933874  2.9776543995780838  0.2688564157667591  242.82703322417507 
48.0  2.279266241363072  2.6293126836668415  2.972072148925942  0.26885641576676206  242.84024087584734 
49.0  2.272980338414945  2.623399623187047  2.966499859039939  0.26885641576676167  242.853446802837 
50.0  2.2667043019599817  2.6174965387963844  2.9609375456642852  0.2688564157667597  242.86665096759492 
51.0  2.260438140842755  2.6116034397886625  2.955385218014817  0.2688564157667595  242.87985333857173 
52.0  2.2541818583793116  2.6057203299168457  2.949842879783785  0.2688564157667602  242.89305388931828 
53.0  2.247935453211483  2.5998472082495376  2.9443105299937984  0.2688564157667619  242.90625259771917 
54.0  2.2416989200326514  2.593984069898635  2.93878816372335  0.26885641576676167  242.9194494453412 
55.0  2.2354722502041047  2.5881309066372555  2.9332757727229244  0.2688564157667568  242.93264441687762 
56.0  2.22925543227829  2.5822877074243387  2.9277733459380357  0.2688564157667611  242.94583749967592 
57.0  2.2230484524428054  2.576454458849786  2.9222808699530645  0.2688564157667633  242.9590286833364 
58.0  2.2168512948970456  2.5706311455120696  2.916798329367745  0.2688564157667602  242.97221795936994 
59.0  2.2106639421715446  2.5648177503383955  2.911325707116369  0.2688564157667608  242.98539905677507 
60.0  2.2044863753985986  2.5590142548560397  2.905862984738327  0.26885641576676345  242.99857139135943 
61.0  2.198318574541598  2.5532206394222587  2.9004101426073325  0.26885641576676245  243.01174178034145 
62.0  2.1921605185891804  2.5474368834189574  2.894967160125497  0.2688564157667647  243.02491022036108 
63.0  2.186012185719592  2.541662965417479  2.8895340158876572  0.2688564157667647  243.03807670889213 
64.0  2.179873553439759  2.53589886331803  2.8841106878203533  0.26885641576675995  243.05124124411347 
65.0  2.1737445987028554  2.5301445544675794  2.878697153299394  0.2688564157667608  243.0644038248016 
66.0  2.167622935098806  2.524398724777661  2.8732933892492456  0.2688564157667623  243.0775644502385 
67.0  2.1615044112023076  2.5186581956343197  2.8678973992588257  0.26885641576675967  243.09072506076564 
68.0  2.1553900759970728  2.512921958600205  2.8625057167936085  0.2688564157667577  243.10388906131732 
69.0  2.149280807306317  2.507190894098695  2.85711921951873  0.26885641576675945  243.1170555940285 
70.0  2.143177338765665  2.501465539133393  2.851738640999834  0.26885641576675606  243.1302239366715 
71.0  2.1370802825916635  2.4957466928719345  2.846364593459625  0.2688564157667627  243.14339348148516 
72.0  2.1309901487945604  2.490034880953525  2.840997586980308  0.2688564157667604  243.15656371727292 
73.0  2.124907361384771  2.4843305288792212  2.8356380457011374  0.26885641576676145  243.16973421427224 
74.0  2.118832272038597  2.4786339896414917  2.8302863214764784  0.2688564157667628  243.18290461136976 
75.0  2.112765171617187  2.4729455552716897  2.824942705388189  0.2688564157667586  243.19607460530307 
76.0  2.106706299872449  2.467265466569936  2.8196074374458364  0.26885641576675917  243.2092439415421 
77.0  2.100655853622205  2.4615939213004245  2.814280714757017  0.2688564157667609  243.2224124065932 
78.0  2.0946139936334025  2.4559310810915593  2.8089626984063685  0.2688564157667617  243.23557982150572 
79.0  2.088580850415386  2.4502770772434297  2.8036535192452625  0.26885641576676134  243.24874603639515 
80.0  2.082556529093934  2.4446320156137857  2.7983532827627795  0.26885641576675984  243.2619109258251 
81.0  2.0765411135103404  2.4389959807271238  2.7930620731821425  0.26885641576676494  243.27507438491594 
82.0  2.0705346696674507  2.433369039229126  2.787779956904523  0.2688564157667611  243.2882363260656 
83.0  2.0645372486255185  2.4277512427895576  2.782506985402975  0.26885641576676145  243.30139667618866 
84.0  2.0585488889348547  2.4221426305408134  2.7772431976534153  0.2688564157667636  243.31455537439155 
85.0  2.052569618678485  2.416543231125526  2.7719886221759125  0.26885641576676145  243.32770391206293 
86.0  2.046599457186673  2.4109530644152417  2.7667432787480095  0.2688564157667663  243.34084539645787 
87.0  2.0406384164755016  2.4053721429524546  2.7615071798422717  0.2688564157667616  243.35398507879546 
88.0  2.03468650245337  2.399800473160026  2.756280331831946  0.26885641576676406  243.3671229303202 
89.0  2.0287437159325044  2.3942380563551264  2.751062736001731  0.26885641576675795  243.38025892732807 
90.0  2.0228072247384477  2.3886838945232243  2.7458543893947733  0.2688564157667622  243.3933930503479 
91.0  2.0168735501005752  2.383135236778121  2.7406529458709614  0.2688564157667636  243.40652769062928 
92.0  2.010943777305402  2.377590591920113  2.7354555284735826  0.2688564157667597  243.41966580579182 
93.0  2.005018806131871  2.372050862402718  2.7302630367786525  0.26885641576676383  243.43280647602376 
94.0  1.9990993815553597  2.3665167954970623  2.725076215663883  0.26885641576676067  243.44594893422737 
95.0  1.9931861194211566  2.3609890090294985  2.7198960841056685  0.2688564157667584  243.45909254096296 
96.0  1.9872795279036306  2.3554680128942684  2.714722751929476  0.2688564157667604  243.47223676346516 
97.0  1.9813800254362215  2.349954227028051  2.7095566351047102  0.2688564157667626  243.48538115807452 
98.0  1.9754879556868887  2.344447996422524  2.7043980775490373  0.2688564157667619  243.49852535553427 
99.0  1.9696036000610773  2.3389496036582433  2.699247360956892  0.26885641576675723  243.51166904868944 
