0.0  2.4791553367010164  2.849523415339458  3.1473263676679224  0.3960580675979517  242.0048153873067 
1.0  2.4172784648922616  2.7887174655453872  3.08765893371233  0.3942879893586319  242.06089622271486 
2.0  2.3637498634089655  2.7350445344558305  3.033811257741843  0.394357093953056  242.10388429566694 
3.0  2.3175807133411106  2.6887491773435217  2.987358912126157  0.3944197350524325  242.14168663621996 
4.0  2.2778642381609524  2.6489227933722446  2.9473925939681815  0.39447604006975956  242.17475754065327 
5.0  2.243778150522465  2.6147413431897317  2.913087279645792  0.3945262634898774  242.2035569607627 
6.0  2.2145840350807173  2.5854647594493487  2.883701732046904  0.39457075425367377  242.22853556293268 
7.0  2.1896199290038347  2.5604340306600273  2.8585756672123575  0.39460992478428797  242.25012376175343 
8.0  2.1683094430173444  2.5390666475757637  2.8371252676918095  0.3946442236259245  242.2687000078956 
9.0  2.150142593104009  2.5208510057018434  2.8188376362794165  0.394674112738644  242.28463747948143 
10.0  2.134673595160807  2.5053402470396553  2.8032646746355154  0.3947000497420859  242.2983007373676 
11.0  2.1215149450578767  2.4921459143842113  2.790016762187285  0.3947224748707876  242.30999098954467 
12.0  2.1103311669307314  2.480931691829698  2.7787565112836976  0.39474180208452925  242.3199760307931 
13.0  2.100832837802819  2.471407420379981  2.7691927897594892  0.3947584136288219  242.32849208181113 
14.0  2.0927710083122992  2.4633235090969503  2.7610751333607246  0.39477265731484984  242.33574614093683 
15.0  2.0859237791156704  2.456461942906416  2.754188617281189  0.3947848458394796  242.34191859606548 
16.0  2.080104442167682  2.4506338063459188  2.7483421246356863  0.39479527024560473  242.34717229416026 
17.0  2.075160575702477  2.4456824622375017  2.7433751039152443  0.39480418240755294  242.35164541317187 
18.0  2.070961835849033  2.4414773703754094  2.7391566386220707  0.39481179212886336  242.35545144313963 
19.0  2.0673969048902  2.4379070452429215  2.735574915639584  0.394818282771222  242.35868806770983 
20.0  2.0643704166233947  2.4348761140181012  2.7325345450523337  0.39482381382824805  242.3614391699708 
21.0  2.0618013864212847  2.4323025147487662  2.729951970769886  0.39483046817489664  242.36376603796012 
22.0  2.059621034086668  2.4301179227194605  2.727759300098575  0.39483694968572075  242.36573814926425 
23.0  2.0577708187474313  2.428264107322208  2.725898615257692  0.3948424629050692  242.36741045768707 
24.0  2.0562009428941432  2.4266911752081493  2.7243198444156675  0.39484715024255246  242.3688282511112 
25.0  2.0548690671927905  2.425356705379755  2.7229804137338123  0.39485113379197934  242.37003179309892 
26.0  2.0537392083941506  2.424224645054618  2.7218441397448627  0.3948545180522575  242.37105328227534 
27.0  2.0527807959039013  2.4232643644708567  2.720880281089847  0.39485739233482914  242.37192012831346 
28.0  2.0519678653603686  2.4224498489465245  2.7200627278929073  0.39485983287838633  242.37265565014565 
29.0  2.0512783701791077  2.421759009120704  2.7193693096658746  0.39486190469559046  242.37327967635372 
30.0  2.0506935944239277  2.4211730927076776  2.7187812050375584  0.3948636631778818  242.37380906030387 
31.0  2.0501976525348695  2.4206761832694403  2.718282438777586  0.3948651554845759  242.37425812131315 
32.0  2.0497770633832824  2.420254773454523  2.717859453529512  0.39486642174127745  242.3746390218827 
33.0  2.049420387840847  2.419897401870462  2.717500745389949  0.39486749607089444  242.37496208983936 
34.0  2.049117920557097  2.4195943442675314  2.7171965539836513  0.3948684074786429  242.3752360931313 
35.0  2.0488614279565596  2.419337351030071  2.7169385990061006  0.39486918061023646  242.37546847401637 
36.0  2.04864392561019  2.419119424117388  2.7167198563537256  0.39486983640037293  242.37566554848755 
37.0  2.048459489125454  2.418934627587566  2.7165343679557545  0.3948703926267025  242.37583267598552 
38.0  2.0483030935528266  2.418777926692553  2.7163770802793907  0.3948708643824109  242.37597440374282 
39.0  2.0481704770404376  2.4186450512681046  2.716243707217159  0.3948712644790878  242.37609458949345 
40.0  2.048058025098606  2.418532379773459  2.7161306136987675  0.3948716037898215  242.3761965057506 
41.0  2.047962672375285  2.4184368408757706  2.7160347169115604  0.3948718915411992  242.37628292838986 
42.0  2.047881819304865  2.4183558299367403  2.7159534024776653  0.39487213556170486  242.37635621187812 
43.0  2.0478132613867404  2.4182871381534765  2.715884453331766  0.3948723424929328  242.37641835314741 
44.0  2.0477551291859757  2.418228892442318  2.7158259893814614  0.3948725179690049  242.37647104581512 
45.0  2.047705837434941  2.4181795044412877  2.7157764163198674  0.39487266676907085  242.37651572620265 
46.0  2.047664041858611  2.4181376272512183  2.71573438220553  0.3948727929468135  242.376553612386 
47.0  2.047628602553718  2.4181021187435356  2.7156987406333952  0.39487289994035124  242.37658573733097 
48.0  2.047598552928605  2.4180720104394977  2.715668519497845  0.3948729906656388  242.37661297700475 
49.0  2.047573073360489  2.418046481116116  2.7156428945000797  0.3948730675956283  242.37663607422397 
50.0  2.047551468854627  2.418024834421693  2.7156211666799703  0.39487313282754843  242.37665565888372 
51.0  2.0475331500979053  2.4180064798924827  2.7156027433617833  0.3948731881398951  242.3766722651168 
52.0  2.0475176173916694  2.4179909168541296  2.715587121995376  0.3948732350408828  242.37668634584722 
53.0  2.047504447026456  2.417977720769836  2.7155738764533157  0.3948732748094623  242.37669828513296 
54.0  2.0474932797278003  2.417966531663599  2.715562645410767  0.39487330853017427  242.37670840863453 
55.0  2.047483810858448  2.417957044303309  2.7155531224918676  0.3948733371226681  242.37671699249276 
56.0  2.0474757821100775  2.417948999876244  2.7155450479140364  0.3948733613667771  242.37672427085658 
57.0  2.0474689744581935  2.417942178930214  2.7155382014026936  0.3948733819237687  242.37673044226844 
58.0  2.0474632021881836  2.4179363953879527  2.71553239618323  0.39487339935436055  242.37673567507784 
59.0  2.0474583078297504  2.4179314914716636  2.7155274738865516  0.3948734141340053  242.37674011203237 
60.0  2.047454157861592  2.4179273333993057  2.7155233002292345  0.39487342666585895  242.3767438741705 
61.0  2.0474506390692464  2.4179238077353307  2.71551976135059  0.39487343729177304  242.37674706412346 
62.0  2.0474476554567795  2.4179208182963525  2.715516760706753  0.3948734463016022  242.37674976891387 
63.0  2.0474451256281605  2.4179182835273805  2.715514216437063  0.39487345394113615  242.37675206232947 
64.0  2.0474429805668137  2.4179161342770654  2.7155120591309965  0.39487346041877325  242.3767540069363 
65.0  2.0474411617528836  2.417914311911278  2.7155102299346603  0.39487346591122463  242.37675565578465 
66.0  2.0474396195668203  2.417912766713564  2.715508678945264  0.3948734705683266  242.37675705385644 
67.0  2.0474383119357444  2.4179114565288864  2.715507363849769  0.3948734745171218  242.3767582392926 
68.0  2.047437203185687  2.4179103456136115  2.7155062487705726  0.39487347786533794  242.37675924443326 
69.0  2.0474362630683918  2.417909403660409  2.7155053032867436  0.3948734807043249  242.37676009669966 
70.0  2.0474354659360907  2.4179086049714322  2.715504501604121  0.39487348311152054  242.37676081934282 
71.0  2.0474347900418493  2.417907927757272  2.7155038218516245  0.39487348515259973  242.37676143207733 
72.0  2.04743421694626  2.417907353542515  2.715503245484594  0.3948734868832464  242.37676195161956 
73.0  2.0474337310144004  2.417906866661705  2.715502756778855  0.39487348835067626  242.37676239214312 
74.0  2.0474333189893104  2.4179064538319914  2.7155023424017695  0.3948734895949239  242.37676276566637 
75.0  2.0474329696303073  2.417906103790742  2.715501991048492  0.39487349064992755  242.37676308237943 
76.0  2.0474326734063304  2.4179058069882826  2.715501693133553  0.39487349154448004  242.3767633509226 
77.0  2.0474324222359197  2.4179055553273763  2.7155014405293696  0.39487349230296814  242.37676357862233 
78.0  2.0474322092667543  2.4179053419423138  2.715501226344493  0.3948734929461014  242.37676377169058 
79.0  2.0474320286887004  2.41790516101162  2.7155010447356362  0.39487349349141154  242.3767639353945 
80.0  2.0474318755752994  2.41790500759921  2.7155008907482014  0.39487349395379095  242.37676407420017 
81.0  2.04743174574937  2.417904877519749  2.715500760181175  0.39487349434584373  242.37676419189452 
82.0  2.047431635669048  2.4179047672244596  2.7155006494724763  0.39487349467826643  242.37676429168846 
83.0  2.047431542331177  2.4179046737043115  2.7155005556017944  0.39487349496013235  242.37676437630435 
84.0  2.0474314631893398  2.4179045944079216  2.715500476008183  0.39487349519912884  242.3767644480508 
85.0  2.047431396084421  2.4179045271719564  2.7155004085202026  0.394873495401778  242.3767645088851 
86.0  2.047431339185688  2.41790447016211  2.715500351296672  0.39487349557359924  242.37676456046697 
87.0  2.047431290940855  2.4179044218230636  2.715500302776442  0.3948734957192878  242.37676460420357 
88.0  2.0474312500337217  2.4179043808360436  2.715500261635793  0.3948734958428227  242.3767646412882 
89.0  2.047431215348276  2.4179043460828633  2.71550022675235  0.3948734959475685  242.37676467273246 
90.0  2.0474311859382452  2.4179043166153975  2.7155001971744324  0.3948734960363821  242.37676469939433 
91.0  2.047431161001276  2.4179042916297293  2.7155001720951106  0.39487349611168915  242.37676472200098 
92.0  2.0474311398570437  2.417904270444207  2.7155001508301826  0.3948734961755407  242.37676474116938 
93.0  2.0474311219287022  2.417904252480853  2.7155001327994985  0.3948734962296826  242.37676475742245 
94.0  2.0474311067271405  2.417904237249604  2.7155001175111564  0.39487349627558926  242.37676477120348 
95.0  2.047431093837631  2.417904224334923  2.7155001045480716  0.3948734963145132  242.37676478288856 
96.0  2.0474310829085205  2.417904213384471  2.7155000935565736  0.39487349634751795  242.3767647927964 
97.0  2.0474310736416514  2.4179042040995045  2.715500084236805  0.39487349637550134  242.37676480119728 
98.0  2.04743106578421  2.4179041962267185  2.7155000763345103  0.3948734963992286  242.37676480832053 
99.0  2.0474310591218283  2.417904189551329  2.715500069634102  0.3948734964193427  242.37676481436034 
