0.0  2.548231420653044  2.880453693706476  3.2070496790834815  0.2686215682249185  242.24454630287485 
1.0  2.5453869500274147  2.8791293353443046  3.2069833964122005  0.2688564157667613  242.27500822491115 
2.0  2.539082910584702  2.8743352435559473  3.203483412999  0.26885641576676333  242.3102031745183 
3.0  2.5298291630274843  2.8665845744489853  3.197035577720354  0.2688564157667604  242.3479680054019 
4.0  2.5180585487461817  2.856311267177284  3.188072577928123  0.2688564157667618  242.38792912092913 
5.0  2.5041367352444603  2.8438857241045437  3.176965771202252  0.2688564157667597  242.42977204329662 
6.0  2.4883587381638352  2.829616524879274  3.164029865779389  0.26885641576675895  242.4732346268285 
7.0  2.4710047017832526  2.8137681173469615  3.149519480951663  0.26885641576676284  242.51810853951648 
8.0  2.4523164039292498  2.7965830030575947  3.1336764716638306  0.26885641576676084  242.5641963420664 
9.0  2.43250271094073  2.7782706694767727  3.1167097708295373  0.2688564157667634  242.61132852862443 
10.0  2.4117473436981185  2.7590132709645694  3.0987999730152525  0.26885641576676156  242.65935911322345 
11.0  2.3902076897375695  2.73896958395417  3.0801059105148765  0.26885641576676045  242.70815958895747 
12.0  2.3680180255616543  2.7182754396034237  3.060763649449992  0.2688564157667579  242.75761984466757 
13.0  2.345294384201939  2.6970472126498786  3.0408892563684504  0.2688564157667583  242.80764582346546 
14.0  2.3221369661915268  2.6753854009222797  3.020582962142094  0.2688564157667624  242.8581184493189 
15.0  2.298632219752126  2.653376711851079  2.9999320846287687  0.2688564157667593  242.90899678580675 
16.0  2.2748546413173365  2.63109586835964  2.979010968315654  0.26885641576676167  242.96022551129624 
17.0  2.2508438908849526  2.608593748599737  2.957883066728881  0.26885641576676084  243.01175132766 
18.0  2.22665570724907  2.585915871180901  2.936582948440727  0.26885641576676067  243.06354754655607 
19.0  2.202341265736232  2.563112873364512  2.915158517678492  0.26885641576676134  243.1155738411888 
20.0  2.1779443735931907  2.540228708099331  2.893653613062002  0.2688564157667591  243.16779254589844 
21.0  2.1535024440502766  2.5173009175258927  2.8721056781467644  0.2688564157667615  243.22011996855366 
22.0  2.129033144728107  2.494356480156429  2.850546611741533  0.2688564157667627  243.27257732395444 
23.0  2.10455254793603  2.4714109948375103  2.8289916678380536  0.2688564157667603  243.32515271716758 
24.0  2.0800879368906813  2.4484830913853988  2.807454689899852  0.26885641576676117  243.37783446712774 
25.0  2.055662366149053  2.4255959180198357  2.785958763449123  0.2688564157667612  243.43060118894869 
26.0  2.0312952417628525  2.402768964993506  2.7645233252414965  0.2688564157667607  243.48343447026912 
27.0  2.007002826392597  2.3800185711453623  2.743164668643726  0.2688564157667608  243.5362866619264 
28.0  1.982798678731578  2.357358364576303  2.721896383282816  0.2688564157667609  243.58915106894466 
29.0  1.9586940354048223  2.3347996456368225  2.7007297371373626  0.2688564157667617  243.64204044669236 
30.0  1.9346981424935956  2.312351719398356  2.679674008226753  0.2688564157667617  243.6949448860466 
31.0  1.9108185429610687  2.2900221839022277  2.6587367721781336  0.26885641576676017  243.74785593979664 
32.0  1.8870613254953221  2.267817179718402  2.637924151191275  0.26885641576676056  243.8007664251498 
33.0  1.8634105248282926  2.2457302174795286  2.6172410292583668  0.26885641576676017  243.85365633952208 
34.0  1.839867524533308  2.223756069810743  2.5966741962029056  0.26885641576675956  243.90650699400192 
35.0  1.8164395613167643  2.201898369974323  2.5762247093055968  0.2688564157667648  243.95936189003123 
36.0  1.793132419993558  2.1801637802427822  2.5558983904409565  0.2688564157667594  244.01221392475185 
37.0  1.7699506567122387  2.1585569177830313  2.5356998341037817  0.26885641576676594  244.06505711944658 
38.0  1.746897790257592  2.137081351394934  2.5156325987969663  0.2688564157667596  244.11788645797873 
39.0  1.7239809746507546  2.115741278867671  2.49569937076348  0.26885641576676433  244.1706977470846 
40.0  1.7012023660667466  2.09454118304792  2.4759057558148787  0.2688564157667628  244.22342854903718 
41.0  1.6785406227580084  2.0734746828556867  2.4562532723819284  0.26885641576676456  244.27612240047495 
42.0  1.6559972210096592  2.0525308636533692  2.436724459749258  0.2688564157667609  244.32880542282425 
43.0  1.63357612904669  2.031711801410363  2.417320360169974  0.2688564157667603  244.38147533226464 
44.0  1.611280338055564  2.011020538089239  2.3980440066849877  0.2688564157667594  244.43412746507136 
45.0  1.5891120255742903  1.9904593010367448  2.3788976204124515  0.2688564157667615  244.48675796936692 
46.0  1.5670726934101686  1.9700296413200005  2.3598827485277543  0.268856415766763  244.53933421209155 
47.0  1.545163283818688  1.9497325502660932  2.341000380504054  0.26885641576676234  244.59184700071313 
48.0  1.5233842771625414  1.9295685574334536  2.322251045833937  0.26885641576675956  244.6443298744343 
49.0  1.5017279196695716  1.9095335185137225  2.303634896004832  0.2688564157667622  244.69678113951707 
50.0  1.4801770870393935  1.889615190862528  2.285145532163371  0.2688564157667625  244.7492070322311 
51.0  1.4587364783267447  1.8698098986560827  2.2667691690005545  0.2688564157667635  244.8016230617839 
52.0  1.4374096312750728  1.8501208835799516  2.2485093977905155  0.2688564157667626  244.85402377664533 
53.0  1.4161991302230115  1.830550678422101  2.2303688592556234  0.2688564157667652  244.90634048235822 
54.0  1.3951067788119487  1.811101618245313  2.212349416316107  0.26885641576676317  244.95862950853305 
55.0  1.3741337431493326  1.7917749302455421  2.1944522973058618  0.2688564157667628  245.01089186580026 
56.0  1.3532806702188036  1.7725713232622788  2.176678214446635  0.2688564157667601  245.06312525662318 
57.0  1.332547785590197  1.7534910858162238  2.1590274616347362  0.2688564157667636  245.1153278622064 
58.0  1.311934973852279  1.7345341668318663  2.1414999949639846  0.2688564157667591  245.167498258972 
59.0  1.2914418446534395  1.7157002419386016  2.124095498870931  0.26885641576676245  245.21961073025054 
60.0  1.2710677867778457  1.6969887677850204  2.106815892102614  0.2688564157667615  245.27164262907328 
61.0  1.2508120122949515  1.6783990264103517  2.089658134941437  0.268856415766762  245.3236393604658 
62.0  1.2306702358260482  1.6599301942511653  2.0726213142504983  0.2688564157667634  245.3756004981435 
63.0  1.2106564398976225  1.6415941070128246  2.055718510406597  0.2688437525336139  245.42762434521558 
64.0  1.1907784577768454  1.6233966802974094  2.038955278897391  0.26882251548792285  245.47966594267083 
65.0  1.1710302321180273  1.605332811298506  2.0223256663827596  0.26880167392703247  245.53164864034838 
66.0  1.151391732792723  1.587390632294181  2.0058246484141202  0.2687812467106183  245.58352800752084 
67.0  1.131849421566049  1.5695558321955945  1.9894383568064766  0.26876126427936065  245.6353446455859 
68.0  1.1124059959062764  1.5518240521862725  1.9731552466400266  0.26874175717823323  245.68713750224396 
69.0  1.0930623595502056  1.5341962913343306  1.9569763311975958  0.2687227431278041  245.73890375017925 
70.0  1.0738188863651552  1.5166727042480534  1.9409020997146909  0.26870424133388754  245.7906412098764 
71.0  1.0546757018332582  1.4992532245300867  1.92493262599984  0.26868627250839106  245.84234822237832 
72.0  1.0356383522247785  1.4819400843954325  1.9090677862426912  0.2686688589087307  245.8940233594776 
73.0  1.0167047264063478  1.4647353025397534  1.893311547903806  0.26865202425123486  245.94559163545148 
74.0  0.9978728252385707  1.447636996408177  1.8776620621763391  0.2686357889786962  245.99711197964803 
75.0  0.979140726023413  1.430643365880072  1.8621175637982317  0.26862018115126446  246.04859430635386 
76.0  0.9605065626984995  1.413752673131776  1.8466763517538034  0.26860523054255725  246.1000392856126 
77.0  0.941968509591663  1.3969632267335046  1.8313367735688035  0.2685909687942339  246.15144753535594 
78.0  0.9235247679766606  1.3802733685810347  1.8160972124440837  0.2685774295834099  246.20281963610694 
79.0  0.9051735548131619  1.3636814630467535  1.800956076615497  0.26856464880500464  246.2541561429351 
80.0  0.8869130931696495  1.3471858878507472  1.785911790443603  0.2685526647712279  246.30538008728698 
81.0  0.8687416039206746  1.3307850262459382  1.7709627868298443  0.2685415184308441  246.35656698091543 
82.0  0.850657298384783  1.314477260186646  1.7561075006313027  0.2685312536109325  246.40771943079656 
83.0  0.8326501925441411  1.2982565206616141  1.741344362805736  0.2685219172844788  246.4588379679249 
84.0  0.8147037148358393  1.2821104151855298  1.7266657562441077  0.2685135732629645  246.50993233827256 
85.0  0.7968219857559516  1.2660356096768737  1.7120592727964765  0.2685063025333966  246.56101988150553 
86.0  0.7790076503995381  1.2500349543491458  1.6975278154980689  0.26850015781388714  246.61209471377106 
87.0  0.7612622096728484  1.2341101680976796  1.6830731647915753  0.2684951978287255  246.6630743928503 
88.0  0.7435862742361514  1.2182620932726203  1.668696232823745  0.2684914875024428  246.71402864879505 
89.0  0.7259797582161333  1.2024902487668476  1.6543972578093493  0.26848909827001144  246.76495996479466 
90.0  0.7084420260146729  1.186794754400078  1.640175951768936  0.2684881085011915  246.81586684158623 
91.0  0.6909720026078134  1.1711749634076871  1.626031612020495  0.268488604040898  246.8667483359536 
92.0  0.6735682554146428  1.155629739557062  1.6119644848367973  0.268490678871148  246.9176039384649 
93.0  0.6562290539917622  1.1401576678786227  1.5979743919615095  0.26849443590391514  246.96843347988874 
94.0  0.6389524123730862  1.1247570984426263  1.5840574506744396  0.2684999879182723  247.0191666473928 
95.0  0.6217361177443903  1.109426176615034  1.570211936592456  0.2685074586597988  247.06985806104632 
96.0  0.6045777482528852  1.0941628626023985  1.5564359507742238  0.26851698412513203  247.12052379989123 
97.0  0.5874746820508422  1.0789649423935062  1.5427274315141457  0.2685287140609069  247.1711644872448 
98.0  0.5704240991183815  1.0641873557357198  1.5290841591946134  0.2685428137132073  247.22178086363147 
99.0  0.557174026414193  1.0531798811588695  1.5191942458893273  0.26686025351386583  247.28614541264434 
