0.0  2.548231420653044  2.880453693706476  3.2070496790834815  0.2686215682249185  242.24454630287485 
1.0  2.5431339483022892  2.877887764335936  3.2065988448295464  0.26885641576676045  242.2967646536262 
2.0  2.532324046047157  2.869594285247477  3.2004632455659237  0.2688564157667568  242.355661570883 
3.0  2.516632834208318  2.8564134158457377  3.1894575693657456  0.26885641576676184  242.41878194407033 
4.0  2.496731837641894  2.8390428231308746  3.1742906187413014  0.26885641576676167  242.48552243818452 
5.0  2.473245681915246  2.818079848046148  3.1555419009013987  0.26885641576676217  242.5554078003459 
6.0  2.446718924600998  2.794068118492985  3.1337522032243514  0.26885641576675984  242.62800406154844 
7.0  2.417624196364716  2.767481751720119  3.109395728316913  0.2688564157667577  242.70293914235577 
8.0  2.386368301790873  2.7387316675878366  3.0828846866975432  0.2688564157667621  242.7798940962042 
9.0  2.353305602049763  2.7081733814232396  3.0545712486433363  0.2688564157667626  242.85859699578896 
10.0  2.3187248152525837  2.67610576127045  3.024764602098672  0.2688564157667633  242.93881193815668 
11.0  2.2828718745513155  2.6427770899075838  2.993717274306483  0.26885641576675884  243.02028501821937 
12.0  2.2459885877538364  2.6084191566669483  2.9616445873014885  0.2688564157667594  243.10291406949273 
13.0  2.208263189105427  2.573235392482904  2.9287572722764104  0.2688564157667646  243.186538308088 
14.0  2.1698573274325677  2.5373897694227074  2.895219835396893  0.26885641576675845  243.271033233614 
15.0  2.130937304399925  2.5010327564683257  2.8611734768794825  0.2688564157667621  243.35625313299533 
16.0  2.091647013486852  2.4643088019017663  2.826762300608362  0.26885641576676006  243.44207556676216 
17.0  2.052110577776144  2.427342530819248  2.792110631031968  0.2688564157667591  243.52844108847987 
18.0  2.0124346782358105  2.390241080705462  2.757325343849034  0.2688564157667594  243.61526032689943 
19.0  1.9727106173356612  2.353096171435214  2.7224979318290425  0.2688564157667576  243.70241256290058 
20.0  1.9329784591691184  2.3159652994167104  2.687706341604452  0.26885641576675995  243.78981975140258 
21.0  1.8933032112838128  2.2788990114806325  2.652985564533352  0.2688564157667598  243.87750308529826 
22.0  1.8537474720644103  2.241957602667082  2.6183907617686497  0.2688564157667605  243.96541164984862 
23.0  1.814369190216877  2.205195973913279  2.5839745506568184  0.26885641576676217  244.05343189248333 
24.0  1.7751895264044744  2.1686531691530693  2.5497851776255813  0.26885641576676045  244.14153795442354 
25.0  1.7362306759642303  2.1323486622470456  2.5158403903177593  0.26885641576676295  244.22974838512332 
26.0  1.697528212989633  2.0963069362064317  2.4821585683726886  0.2688564157667622  244.31804288934055 
27.0  1.659110914443381  2.0605570473951142  2.4487686884103557  0.2688564157667563  244.4062972213887 
28.0  1.6210016967181904  2.0251221826631056  2.4156938744380714  0.2688564157667609  244.49455639257587 
29.0  1.5832184430413943  1.990020489774965  2.3829522267358256  0.26885641576675895  244.58281148348516 
30.0  1.5457323044409537  1.955242589172884  2.3505575521967508  0.26885641576676456  244.6710324835222 
31.0  1.508560166383984  1.920786725991472  2.318486125068769  0.2688564157667653  244.75914922202207 
32.0  1.4717164020027367  1.8866661570200678  2.2867508984844407  0.2688564157667588  244.84724290382104 
33.0  1.4352114938971512  1.852892664089116  2.255363514994288  0.26885641576675756  244.93529525904407 
34.0  1.3990526472460154  1.8194737423926481  2.2243333745720375  0.26885641576676367  245.0232576715673 
35.0  1.363244320157057  1.7864141464663243  2.1936625731450077  0.26885641576676267  245.11106726999643 
36.0  1.327786429197214  1.7537163704886225  2.1633536084621876  0.26885641576675506  245.19879650499084 
37.0  1.2926808754823955  1.7213898929723004  2.1334168005942686  0.26884731803609935  245.2865060273108 
38.0  1.2579631418591761  1.6894606619113095  2.1038800322130116  0.26880977800377553  245.37427499685518 
39.0  1.2236239420364041  1.657920488526985  2.074732436538163  0.26877324329573776  245.46183450037668 
40.0  1.18961499714761  1.626738447447294  2.0459636452416365  0.2687377808294259  245.54925529480028 
41.0  1.1559290268376041  1.5958930907757518  2.017534799848997  0.2687034947822879  245.63657944219128 
42.0  1.12256951636886  1.565381638751722  1.989439073253044  0.268670467159927  245.72373692283293 
43.0  1.0895372297887156  1.5352052519693364  1.9616779137684925  0.26863878281501735  245.81073134342185 
44.0  1.0568257981250118  1.505362214631758  1.9342506064381055  0.26860853157567016  245.8976103624715 
45.0  1.0244283848401865  1.4758462011955673  1.9071509573150534  0.2685798135360745  245.98437355108493 
46.0  0.9923377588335562  1.446650529192392  1.880372430820272  0.26855274435221776  246.0709428535213 
47.0  0.9605463550549135  1.4177682236140046  1.853908216074119  0.268527452192592  246.15734296267547 
48.0  0.9290463172488802  1.389192064370021  1.827751276125144  0.26850407941323295  246.2436275019146 
49.0  0.8978295248465945  1.3609146184689038  1.8018943822184053  0.26848278452721613  246.32979770197937 
50.0  0.8668635912139764  1.3329151948636795  1.7763301348329783  0.2684637445290879  246.41578052657138 
51.0  0.8361282430194049  1.30517155760457  1.7510331455773458  0.26844719412247814  246.5016171247167 
52.0  0.805623950817258  1.2776769930394964  1.7259872964718592  0.2684333825622146  246.58738388762583 
53.0  0.775348763996613  1.2504301281648549  1.7011919058148344  0.2684225578602927  246.67307335889174 
54.0  0.7452987239071994  1.223427540089501  1.6766461212179937  0.2684150030216994  246.75862001653735 
55.0  0.7154681740655345  1.1966656672632605  1.6523482596027284  0.26841104170771135  246.84399963174224 
56.0  0.6858499831111176  1.1701386624338177  1.6282889446183655  0.2684110452120763  246.92929039949487 
57.0  0.6564356927611077  1.1438394845989397  1.6044616382646206  0.26841544108911924  247.01449182175136 
58.0  0.6272155999369824  1.117759999348197  1.5808587772728961  0.2684247238831432  247.09956979980169 
59.0  0.5981787794174152  1.091891022286242  1.5574718261530154  0.26843946856034745  247.1844483933967 
60.0  0.5693114155323528  1.0666529355476062  1.5342912790724934  0.26846034745615294  247.26924022096523 
61.0  0.5450903631366651  1.0464895362620488  1.5157586046330032  0.2664375989089719  247.37053938650607 
62.0  0.5313318055469137  1.0358756350995748  1.507536600006206  0.26129043446140676  247.49211293735192 
63.0  0.5208288862243365  1.0286007721479191  1.5025244190863616  0.2580944085112708  247.58550286084554 
64.0  0.5111267633026187  1.0222021943933324  1.498319318324293  0.2555840195117302  247.6694319804571 
65.0  0.5016533451685936  1.016061934743667  1.4943511474864086  0.2532491572702816  247.7509334655084 
66.0  0.4922659505774228  1.0100289799120843  1.4904754558884707  0.25096889406778106  247.83176048011194 
67.0  0.48292310826863055  1.0040635867542111  1.4866584438240205  0.2487132898299887  247.91238878292432 
68.0  0.4736193148233042  0.998158776660968  1.4829023377525425  0.2464728935686116  247.992954535182 
69.0  0.4643437317183913  0.9923050371566147  1.479186469843417  0.24424773980341402  248.0734577894834 
70.0  0.4550979936867747  0.9865041001396775  1.4755194585538938  0.24203790304871983  248.15379027188854 
71.0  0.44586675259936925  0.9807465767916075  1.4718990732395532  0.23984353674540598  248.23401508438522 
72.0  0.43666546428695213  0.9750394567088712  1.4683116610747489  0.2376619304077546  248.3142082049383 
73.0  0.42750654644138736  0.969392595537182  1.464774933111693  0.23549776095800115  248.39429865139425 
74.0  0.41838040213951955  0.9638013690451513  1.461279642812959  0.23335267056717202  248.47425864379974 
75.0  0.40928674510520086  0.9582655199031179  1.4578256541616987  0.23122535108901127  248.55400010387567 
76.0  0.4002341902355881  0.9527897810401853  1.4544215077002627  0.22911682171144554  248.63356122036478 
77.0  0.3912045125318564  0.9473667363642628  1.451050857883042  0.22702791988611773  248.7129711471033 
78.0  0.3821946876469656  0.9420024618428691  1.4477268860274326  0.2249568964801537  248.79225238985515 
79.0  0.3732190821322143  0.9366974400744481  1.4444570751212988  0.22290567479868076  248.87137161192854 
80.0  0.3642459346228832  0.9314354859847844  1.4412224322474003  0.22087478227718566  248.950237386417 
81.0  0.35528451408883177  0.926221858190037  1.438031584242884  0.21885779914903755  249.0289494503406 
82.0  0.34634612847166396  0.9210599496818076  1.4348739383289477  0.21685768373842815  249.10753263788365 
83.0  0.33743721602265814  0.915957275575519  1.4317558456404882  0.21487624265179336  249.18595499454315 
84.0  0.3285633855380309  0.9109163403592327  1.428682816063461  0.2129165945835074  249.26416298770815 
85.0  0.31970865366426826  0.9059280158852266  1.425639401097235  0.21097913947486024  249.3421187605817 
86.0  0.3108875345918414  0.9010023305699473  1.4226397099502317  0.20906138836057667  249.41975449453915 
87.0  0.30209188644373447  0.8961363468309874  1.4196758650995631  0.20716671707089623  249.49713986413502 
88.0  0.2933203603548152  0.8913295530845029  1.4167465544409252  0.2052941395945366  249.57428524164067 
89.0  0.2845809766265048  0.8865941262426149  1.4138663043034745  0.20344363104332974  249.65118577099116 
90.0  0.27582868522209697  0.8819415958881718  1.4110204815420606  0.2016257115472173  249.72766419667087 
91.0  0.267109184351801  0.8774046719573686  1.4082300108045955  0.1998711305872945  249.80312722141505 
92.0  0.25841954978142717  0.8729891183256103  1.4054930540809454  0.19819251851135278  249.877365054155 
93.0  0.2497598358288518  0.8686737211671614  1.4027991579314927  0.1965895442471241  249.9504331353854 
94.0  0.24113553251289857  0.8644496257064306  1.4001498545931308  0.19504573408168382  250.02258646228054 
95.0  0.23253683393046395  0.860304228886519  1.397535355652241  0.1935577558518675  250.0938669601214 
96.0  0.22395599708609457  0.8562253726855945  1.3949478191672984  0.19211627433201975  250.1644186247052 
97.0  0.2153947716147899  0.8522101173097011  1.392391455333451  0.19071498645425033  250.23433763599493 
98.0  0.20692978778425913  0.848241404932507  1.3898590807457123  0.18935061366891556  250.30361174981334 
99.0  0.19879570658502754  0.8443089438671283  1.3873447951951763  0.1880098855604664  250.37246273929736 
