0.0  2.548231420653044  2.880453693706476  3.2070496790834815  0.2686215682249185  242.24454630287485 
1.0  2.5417256840425173  2.8771117852055066  3.2063585267952637  0.26885641576676034  242.31035983724945 
2.0  2.528099402305087  2.866630927616946  3.1985754659953396  0.2688564157667564  242.38405972797074 
3.0  2.508347854418968  2.850042603921117  3.1847204280587706  0.2688564157667622  242.46300815482164 
4.0  2.483352995012768  2.8282116902219245  3.1656446448527915  0.26885641576675945  242.5464882335391 
5.0  2.4539017705797117  2.801911848626028  3.1421114023752414  0.2688564157667588  242.63388342659434 
6.0  2.420674712080787  2.7718277712877555  3.1148089629516034  0.26885641576676217  242.72465780656927 
7.0  2.3842609948365774  2.7385532844508274  3.08432579241818  0.26885641576676184  242.81835819355885 
8.0  2.3451532275441576  2.702592889307139  3.0511774391469557  0.26885641576676  242.9145988380697 
9.0  2.3037692983630644  2.664370604050019  3.0157964152217285  0.26885641576676084  243.01306253914225 
10.0  2.260507198019807  2.624274918121103  2.9785506022134074  0.2688564157667606  243.11340867361378 
11.0  2.2156679300525313  2.5826391415886616  2.939789444180705  0.2688564157667605  243.2154522018259 
12.0  2.1695717029012695  2.539749163961552  2.8997789133378453  0.268856415766758  243.3190065793872 
13.0  2.1224984428033173  2.4958860119654545  2.8587994058979533  0.2688564157667624  243.42384049049642 
14.0  2.074692305778128  2.451294845628124  2.817095527830253  0.26885641576676184  243.52971173727687 
15.0  2.026365604397408  2.406188898958069  2.7748800265748708  0.268856415766762  243.63652896712702 
16.0  1.977660167648189  2.3607298743274754  2.732337249515179  0.26885641576676256  243.744145692648 
17.0  1.9287272594110076  2.315055755272971  2.6895914191058012  0.2688564157667621  243.85236398674328 
18.0  1.8797156560785173  2.2693084276437383  2.6467732839468088  0.26885641576676156  243.96116624454186 
19.0  1.8307259251204904  2.2236063872313996  2.604010082910499  0.26885641576676184  244.07045009001575 
20.0  1.781844019899304  2.1780362623716827  2.5613880708469092  0.26885641576675967  244.1800404271524 
21.0  1.733166433360414  2.132679743791501  2.5189805207570135  0.2688564157667631  244.28994212864853 
22.0  1.6847736169361571  2.0876179062947737  2.4768683009993784  0.26885641576675595  244.40009896748 
23.0  1.636731886133746  2.042917665820307  2.4351181579183683  0.2688564157667635  244.51033722210863 
24.0  1.5890474715622465  1.998607399581148  2.393784448985591  0.26885641576676045  244.62066642130577 
25.0  1.541765443256735  1.9547136214968532  2.3528742943882133  0.26885641576675856  244.7311079823167 
26.0  1.4949291410954202  1.9112768872762531  2.3124244948307475  0.26885641576676217  244.84150657547593 
27.0  1.4485722330774866  1.8683322995171245  2.272467030250079  0.2688564157667638  244.9518914816212 
28.0  1.4027165196526596  1.8259058031021103  2.2330278203372194  0.2688564157667629  245.06225441868102 
29.0  1.3573707572254148  1.7840162912043842  2.194125688639707  0.2688564157667629  245.17244755876865 
30.0  1.3126047032983195  1.7427188961654314  2.1558199018990507  0.2688122104613534  245.28285258925018 
31.0  1.2684213478150244  1.7020197375529935  2.1181129816320126  0.2687648003225857  245.3931362459418 
32.0  1.224771065520461  1.6618896662991638  2.0809988121525183  0.26871897990930227  245.50313013976893 
33.0  1.1816478315076369  1.6223060618563923  2.0444361067491923  0.26867490862562077  245.61294881961712 
34.0  1.1390592101237735  1.583267785634471  2.0084178102285577  0.2686327357561778  245.72262230665564 
35.0  1.0969988460842182  1.54477643633233  1.972947265173025  0.26859261594596784  245.83201649821288 
36.0  1.0554580497075383  1.506824502285263  1.9380169484008432  0.26855472122775464  245.941185723816 
37.0  1.0144261841855322  1.4694023766874669  1.9036175080046733  0.26851925429987805  246.0501728389941 
38.0  0.9738909890786459  1.4324989216267237  1.8697381032107667  0.26848644546037126  246.15887791474782 
39.0  0.933838834775378  1.396101736684211  1.8363666778346965  0.26845655717965466  246.26732382726829 
40.0  0.894225923975845  1.3601815801804766  1.803490173455426  0.2684298896704195  246.3755798661735 
41.0  0.8550204335044324  1.3247056195381486  1.7710730771289784  0.26840682925103077  246.48361113167385 
42.0  0.8162173272022185  1.2896599116888159  1.7390892405586402  0.2683878094229126  246.59140040792272 
43.0  0.7778080470273131  1.255036204349206  1.7075379086568234  0.26837329164873847  246.6990422404181 
44.0  0.7397809815664611  1.2208264770304893  1.6764066637329063  0.26836381645068164  246.80650418235754 
45.0  0.7021217906589599  1.1870188216137163  1.645682798624891  0.2683600203405492  246.913656889305 
46.0  0.6648135956695133  1.1535990099705589  1.6153530236670604  0.26836265752994815  247.0206500327034 
47.0  0.6278370403924778  1.1205506879775047  1.5854020820956984  0.2683726280602578  247.12748453391018 
48.0  0.5911637551490047  1.087851870496389  1.5558127714914125  0.26839101467695825  247.2340071081253 
49.0  0.5547265586406477  1.0565634690215782  1.5265612246565983  0.26841915154257584  247.34035356827354 
50.0  0.5300220850222578  1.0364050209986255  1.5089017005710659  0.26328441070789455  247.48860917916807 
51.0  0.5150817044239686  1.0254285898435858  1.5008706575476232  0.2577024504159844  247.62735815928943 
52.0  0.5026117113500947  1.0170799004599045  1.4952914936287047  0.254167590895799  247.73779841753037 
53.0  0.49073900102747076  1.0093915426558207  1.4903116113656836  0.2511781055745535  247.84070368708439 
54.0  0.47902359242598713  1.0019092907257292  1.4855161859410175  0.24832856455594524  247.94188247613582 
55.0  0.46738981805197455  0.9945377555489503  1.4808282352723172  0.2455217488661378  248.0426987702023 
56.0  0.45580105437171764  0.9872519342492012  1.4762089856063798  0.24274490147633146  248.14328256487363 
57.0  0.4442472496828002  0.9800410598014636  1.471667529307012  0.23999334664991503  248.24361216828055 
58.0  0.4327406235300133  0.9729094713387483  1.467182086877608  0.23726415652872593  248.3438582053765 
59.0  0.42129913383294426  0.9658738084990971  1.4627749233052665  0.23456090783587613  248.44396333252234 
60.0  0.40990250354736707  0.9589208346536807  1.4584264972484222  0.23188912647272175  248.54379329248064 
61.0  0.398568212804191  0.9520610762620407  1.4541541438541588  0.22924406020155322  248.6433143548056 
62.0  0.3872671694216465  0.945286473033156  1.449940464068684  0.2266301581106365  248.74259348820922 
63.0  0.3760118836160813  0.9386063395665402  1.445808085133067  0.22404463958743337  248.84166483026584 
64.0  0.3647776196830666  0.9320026962454563  1.4417397970078525  0.22149160402001672  248.94043702086057 
65.0  0.35356043846532414  0.925473819635302  1.4377374068815643  0.21896382000979733  249.03886272853202 
66.0  0.34238214460613514  0.9190291765476647  1.4337897792992251  0.2164615656761567  249.1371011251458 
67.0  0.3312532194875705  0.9126778027497008  1.4299072629263567  0.21399016179982805  249.23506172963857 
68.0  0.3201664948832498  0.9064162961254429  1.426083019985573  0.21155251085476182  249.33268962496248 
69.0  0.3091257096967788  0.9002501723416428  1.4223207510797502  0.2091482662873555  249.4298183205096 
70.0  0.29812582668469584  0.8941769587253728  1.4186155980959272  0.20677917216015498  249.52653982955636 
71.0  0.28716757418500655  0.8882014256706248  1.414972314014297  0.2044443123010013  249.62289028237677 
72.0  0.2762168258682306  0.8823521029524224  1.411395135597326  0.20214725044518322  249.71880137809652 
73.0  0.26529959069986997  0.8766743594118545  1.407892357899804  0.19993734126372503  249.81338956526585 
74.0  0.25442944720634436  0.8711763939236472  1.404472416583081  0.19784508382369867  249.90606580564253 
75.0  0.24361320104682666  0.8658317901256316  1.401121056322684  0.1958619386517678  249.99705981421474 
76.0  0.2328485701028203  0.8606228490218312  1.3978354459042766  0.19397060718788148  250.08662681885968 
77.0  0.22211249688700926  0.8555219092649586  1.3945926280212457  0.19215899363868896  250.17494335989144 
78.0  0.21150520855133018  0.850513698276475  1.3913992684781462  0.19041195268823174  250.26224294399842 
79.0  0.20098521890585144  0.8455707089307176  1.3882377357483617  0.1887152130451841  250.34864961942577 
80.0  0.19051259793143702  0.8406582882931347  1.3851194278112295  0.18705332455712514  250.43447285868695 
81.0  0.1803640276809392  0.8356902588287164  1.3820270564458605  0.18540494149299103  250.5201108018013 
82.0  0.1701787341337756  0.8306135850389755  1.3789280141161158  0.18368867149167023  250.60694870970548 
83.0  0.15988902655404325  0.8254578356058333  1.3758352211483522  0.18187998541917652  250.69542625972338 
84.0  0.14991685194473897  0.8202343005452001  1.372744918142873  0.18000114447788462  250.78518709553606 
85.0  0.13963512256866892  0.8149289765736033  1.369674658329715  0.17805736882536094  250.87605881674423 
86.0  0.12971315496962554  0.8095350518759284  1.3666147723031938  0.17603092031046394  250.96838312265388 
87.0  0.119549976121353  0.8040801353603988  1.3635826677619114  0.17391896916684066  251.06231993863926 
88.0  0.10930845380904963  0.798494031048008  1.3605849261583758  0.1717400111543086  251.1575756875462 
89.0  0.09870122346060528  0.7927874849820804  1.3576247814999747  0.16944461894575963  251.25505255940828 
90.0  0.08799871119592104  0.7869670308599707  1.3547046712353756  0.16703537487481018  251.35452042381436 
91.0  0.07653591128897286  0.7809074553675802  1.3518314716410549  0.16450853682834296  251.45627827627513 
92.0  0.06449680488754947  0.7746619154859583  1.3490216731521607  0.16176463931311072  251.56220371373004 
93.0  0.052088494180963646  0.7683153273244546  1.3462951343032399  0.15884779127949045  251.6714914473875 
94.0  0.03978018849035092  0.7620575694932435  1.3436672834338577  0.15581626392476577  251.7830118743816 
95.0  0.027836451093572693  0.7559799652680873  1.3411372447744243  0.1528144539104578  251.8944002193188 
96.0  0.01519401439104505  0.749843848169484  1.3387058640920775  0.14990942101760912  252.0042959328752 
97.0  0.0  0.7358906104745456  1.3363881687893835  0.14691128206564819  252.1160205759997 
98.0  0.0  0.7287011017197701  1.3363326576330912  0.1362561660539803  252.37330532584 
99.0  0.0  0.7243194401845173  1.3358340807439888  0.13020147688213213  252.54530944090615 
