0.0  2.4791553367010164  2.849523415339458  3.1473263676679224  0.3960580675979517  242.0048153873067 
1.0  2.4158354120613583  2.7880023826937017  3.0875299974210186  0.3942879893586334  242.06912532333348 
2.0  2.3594660786028685  2.732247509451366  3.032216902146535  0.39430838014823216  242.1216763466309 
3.0  2.309245034574278  2.6826627395270592  2.983092690863801  0.394324140968356  242.1700542297481 
4.0  2.2644322175489497  2.638507627654038  2.9394169900557605  0.39433535827899713  242.21461704765716 
5.0  2.22436748678635  2.5991132639517898  2.900513911963211  0.39434220693245653  242.2557276263269 
6.0  2.188454548451962  2.563881958769818  2.865785003385567  0.3943449087840289  242.2937314736078 
7.0  2.1561589995504558  2.5322780133737495  2.8346937120697824  0.3943437319204119  242.32894179406927 
8.0  2.1270025605980396  2.503824620003705  2.806762332048842  0.39433897369616766  242.3616388890417 
9.0  2.100566266105775  2.478099986718318  2.7815681645989487  0.3943309462112352  242.392168716169 
10.0  2.076584574831771  2.454780358415186  2.7587392140423304  0.3943199644848232  242.42079599633573 
11.0  2.054849799798912  2.433641755855693  2.738037807679079  0.39430617810198193  242.44768115568183 
12.0  2.03504944443647  2.4144405633536583  2.7192787382723895  0.39428968959653443  242.47294790478279 
13.0  2.0169115628140193  2.396904419062419  2.702189065109472  0.39427080566038614  242.49676370586295 
14.0  2.000200312305439  2.3807971218447492  2.6865320513660893  0.39424981251378916  242.51936456644614 
15.0  1.984711780508741  2.365914451218227  2.6721029871194037  0.3942269736265699  242.54091629266784 
16.0  1.9702701336748307  2.3520803094087297  2.658725332077004  0.3942025287863717  242.56156403504355 
17.0  1.956724108704807  2.3391432075936422  2.646247200792397  0.39417669416923246  242.5814345090314 
18.0  1.9439438524140535  2.3269731000255427  2.6345381946113298  0.39414966312088034  242.60063789841618 
19.0  1.9318180989585019  2.3154585569047645  2.6234865716480598  0.3941216074120364  242.61926968280426 
20.0  1.9202516678846349  2.3045042584235844  2.6129967375390444  0.39409267878225296  242.6374123521035 
21.0  1.9091632601597852  2.29402878729334  2.602987034522527  0.39406301063202326  242.655136986894 
22.0  1.898483526894815  2.2839626944188103  2.5933878036756397  0.394032719760486  242.6724936752647 
23.0  1.8881533845882583  2.274246811501091  2.58413969420282  0.3940019080766767  242.6895311109421 
24.0  1.8781225510518882  2.2648307846830575  2.575192193961242  0.39397066423601956  242.7063096780956 
25.0  1.8683482773066244  2.2556718044831645  2.5665023565099347  0.3939390651720326  242.7228676514683 
26.0  1.8587942523544756  2.2467335088836005  2.5580337015676964  0.39390717750654775  242.7392377080333 
27.0  1.849429659612496  2.237985038322816  2.5497552676335165  0.39387505883163787  242.75544770882104 
28.0  1.8402283657801086  2.2294002233315817  2.541640797502263  0.39384275886289405  242.77152138003996 
29.0  1.831168224893703  2.220956887537779  2.5336680393875928  0.3938103204684826  242.78747890429872 
30.0  1.8222304822309192  2.2126362506771935  2.525818148272545  0.39377778058108537  242.80333743219538 
31.0  1.8132286671376538  2.204342824438241  2.518075173900869  0.3937451710014662  242.81911152380644 
32.0  1.8040946291329591  2.195961428624557  2.510282273147681  0.3937128619820751  242.8349535041486 
33.0  1.794854759075962  2.187474011711873  2.5023823199784245  0.39368099812517204  242.8509198466464 
34.0  1.7855312513065111  2.178902827675943  2.4943976720596375  0.39364953593158736  242.86698962655106 
35.0  1.7761427578493885  2.170266550432774  2.4863471190876356  0.3936184387811073  242.88314518576396 
36.0  1.7667048560958651  2.1615808187578995  2.4782463540004636  0.39358767588963994  242.89937171365222 
37.0  1.7572306757349225  2.1528588060911384  2.4701086037521156  0.39355722160992945  242.91563765614197 
38.0  1.7477312490294772  2.144111574063917  2.461944982654942  0.39352705435673546  242.9319457417724 
39.0  1.738215813591069  2.135348384862405  2.453764797260972  0.39349715606614816  242.9482924966809 
40.0  1.7287703521583886  2.126612922967825  2.4455758312477074  0.3934675117266065  242.96467041626636 
41.0  1.7195670728781194  2.118022993904977  2.4374499896575377  0.39343793625497325  242.98100772502767 
42.0  1.7105697372079638  2.109639383897872  2.42953102095515  0.39340804430264  242.9971596283322 
43.0  1.701747900244455  2.1014316138295475  2.4217883279782617  0.3933779040308928  243.01315513812315 
44.0  1.693076004219068  2.093374097544141  2.41419622406908  0.39334757370650075  243.02901870334912 
45.0  1.6845326091820152  2.0854453715625643  2.4067331602873634  0.3933171030877111  243.04477090506703 
46.0  1.676099741193141  2.0776274424616936  2.3993810706121925  0.393286534637161  243.06042905076268 
47.0  1.6677623408869209  2.069905234759765  2.3921248179414594  0.39325590457758086  243.07600768121534 
48.0  1.6595077975737793  2.0622661244493705  2.384951725997687  0.39322524380654283  243.09151900182525 
49.0  1.651325556083291  2.0546995453659416  2.3778511842971093  0.3931945786860197  243.1069732489549 
50.0  1.643206785356745  2.0471966573841884  2.3708143151459113  0.3931639317217586  243.12237900055027 
51.0  1.6351440993737625  2.039750067014573  2.363833693209829  0.39313332214617575  243.13774343911874 
52.0  1.6271313223701045  2.0323535923461535  2.3569031095802093  0.3931027664173388  243.15306641954467 
53.0  1.6191632914914948  2.025002065471654  2.350017373451782  0.3930722786452572  243.1683429599785 
54.0  1.6112221069962098  2.017684840425633  2.3431721455555317  0.3930418709553293  243.18359344829318 
55.0  1.603298329299771  2.010389600517751  2.336352534062649  0.39301158818100806  243.19883305455735 
56.0  1.5953923807684436  2.003112368432306  2.3295506908555432  0.39298145525767514  243.21406978731082 
57.0  1.5875045978233977  1.9958534810703241  2.322766953640085  0.39295147260984015  243.22930320833922 
58.0  1.5796352452681026  1.988613203630862  2.3160015880976292  0.3929216408629805  243.24453295029727 
59.0  1.57178452827201  1.9813917416081863  2.309254799931405  0.3928919608158093  243.2597587050554 
60.0  1.5639526023877799  1.9741892508202008  2.3025267449364497  0.3928624334168054  243.2749802139258 
61.0  1.5561395819197401  1.9670058457860884  2.2958175374122143  0.39283305974456517  243.2901972594741 
62.0  1.5483455469106011  1.9598416067205884  2.2891272571862644  0.39280384099125604  243.30540965865936 
63.0  1.5403876359461626  1.9526110999435542  2.2824559554747976  0.3927747784487759  243.32061725709337 
64.0  1.5322254945807001  1.94521551110187  2.275652727250259  0.3927463787636897  243.33598006783407 
65.0  1.5239003759187935  1.9376566298402205  2.2686845326046794  0.3927187714159019  243.35153439128277 
66.0  1.5154462844699592  1.9299685481038382  2.2615856769670315  0.39269186122820976  243.3672450975254 
67.0  1.5068912333272766  1.9221793507147702  2.25438442187352  0.3926655696834501  243.38308315727733 
68.0  1.498258284112981  1.9143121580878368  2.247104033955264  0.39263983207275127  243.39902458691526 
69.0  1.4895664075257762  1.9063859890554378  2.239763652939035  0.39261459515165487  243.41503409873724 
70.0  1.4808311955454267  1.8984164749465349  2.2323790100082537  0.39258981520706593  243.43110000177413 
71.0  1.4722090786719269  1.8904825365050741  2.224963022323224  0.3925654564587685  243.44721934107338 
72.0  1.4637995524309497  1.8826989370262557  2.2176442176000415  0.39254105644724757  243.46325350128322 
73.0  1.4555677793548591  1.8750933762317834  2.210504079405603  0.39251630512216384  243.47911330927636 
74.0  1.4474850483381823  1.8676371237036546  2.203513727362545  0.3924912931380293  243.4948286233978 
75.0  1.439527715248736  1.8603065197544626  2.1966493766183697  0.39246609663244986  243.51042411144138 
76.0  1.4316763221230118  1.8530820939035293  2.189891452329453  0.3924407795111089  243.52592013107133 
77.0  1.4239148659769856  1.8459478331027712  2.183223854498162  0.3924153954020825  243.5413334660843 
78.0  1.416230192656432  1.83889057511187  2.1766333484826657  0.39238998931907976  243.55667794073824 
79.0  1.4086114949676594  1.83189950624355  2.170109060327264  0.39236459907108895  243.57196493135132 
80.0  1.4010498976172836  1.82496574599092  2.1636420593599586  0.3923392564531066  243.5872037916274 
81.0  1.393538114300687  1.818082003863089  2.1572250133260926  0.39231398824892055  243.60240220572896 
82.0  1.3860701646694003  1.8112422961480685  2.1508519037269873  0.3922888170736706  243.61756648098103 
83.0  1.3786411409308525  1.8044417123473908  2.144517791064764  0.392263762080269  243.63270179023453 
84.0  1.3712470155397751  1.797676222734281  2.138218621408166  0.39223883955058925  243.64781237232881 
85.0  1.3638844828742438  1.790942519922332  2.13195106713466  0.39221406338951154  243.66289781897015 
86.0  1.3565508289909938  1.784237888534392  2.1257123959116933  0.3921894455371694  243.67794497639505 
87.0  1.3492438245597294  1.7775600980673278  2.119500362990023  0.3921649963126071  243.69297603609257 
88.0  1.3419616369146332  1.7709073148877037  2.113313122725026  0.3921407246998841  243.7079928852699 
89.0  1.334702757860338  1.7642780299929024  2.107149155944381  0.392116638586096  243.7229970629652 
90.0  1.327465944450876  1.7576709997541222  2.1010072103650357  0.3920927449592067  243.7379898227874 
91.0  1.320250170443135  1.751085197340992  2.0948862517478415  0.3920690500724102  243.75297218449833 
92.0  1.3130545865271779  1.744519772928802  2.088785423881404  0.3920455595805417  243.76794497639085 
93.0  1.3058784877678868  1.73797402112167  2.0827040158205805  0.39202227865325706  243.78290887008026 
94.0  1.2987215258800062  1.7314484993235184  2.076641435081694  0.39199921206894406  243.79786440904755 
95.0  1.2915863422530065  1.7249498863880028  2.0706116822509353  0.3919652142478614  243.81288821491088 
96.0  1.2843605548747183  1.7184216594182167  2.0646061633649464  0.3919286957700788  243.82792040660712 
97.0  1.2769235435798905  1.7117575300826327  2.058529886365347  0.3918932208803532  243.84304360499087 
98.0  1.269321344716453  1.7049274233537242  2.052285018417128  0.39185957823277284  243.85836812141548 
99.0  1.2615910755927342  1.6979686082283272  2.0459092005391613  0.3918275265023251  243.87385278200148 
