0.0  2.548231420653044  2.880453693706476  3.2070496790834815  0.2686215682249185  242.24454630287485 
1.0  2.5346844187827  2.8732319202515155  3.2051572444691354  0.2688564157667611  242.37830596088372 
2.0  2.506853318221742  2.8517687420313065  3.1891345376926346  0.2688564157667624  242.52589685393863 
3.0  2.4668227529503164  2.818080878046453  3.1609348853401165  0.26885641576675956  242.68385391363464 
4.0  2.4163638412612936  2.7739595152525287  3.122348394032311  0.26885641576676295  242.8507263903507 
5.0  2.3569334153586845  2.7209139953671997  3.074927533600825  0.2688564157667601  243.025371618056 
6.0  2.2898436975819028  2.6602717062439503  3.019968274789169  0.26885641576676084  243.20692548343797 
7.0  2.216369989370118  2.5932481455910326  2.958647745072536  0.2688564157667621  243.39460762136324 
8.0  2.1375970170093757  2.520959270081095  2.8921113910753955  0.26885641576675956  243.58766017788733 
9.0  2.054480574992035  2.4443780732767215  2.8213431390768684  0.2688564157667601  243.78556650007312 
10.0  1.9678840656787886  2.3643915500847115  2.747215990455062  0.2688564157667603  243.987681675841 
11.0  1.8786760348729423  2.2818156418752924  2.6705103442212486  0.2688564157667603  244.19365393213639 
12.0  1.7875573279603496  2.197388352373516  2.592001406755516  0.26885641576676045  244.4028602714763 
13.0  1.6951833543417112  2.1117547341982856  2.5123211123681153  0.2688564157667627  244.6149462402295 
14.0  1.6021544588894492  2.0255280607530475  2.43205462801831  0.26885641576676156  244.82949174654456 
15.0  1.5091301515536  1.9393464815152834  2.3518475336341154  0.26875422862594905  245.04667003969678 
16.0  1.4165227366931492  1.8536518131861006  2.272165337533617  0.2686458689750037  245.26545643322868 
17.0  1.324686549634823  1.7687977551070875  2.1933501942661353  0.2685431204426253  245.4853901846336 
18.0  1.2339459582901657  1.685104110812706  2.115700726456106  0.26844681349012073  245.70606884201862 
19.0  1.1445454960339212  1.6028372922602996  2.039488349554161  0.26835795372007304  245.9272536099365 
20.0  1.0566780561257012  1.5222166358508975  1.9649683722820503  0.2682317851272851  246.14897729901705 
21.0  0.9704727216131109  1.4433688745670015  1.8922604400144212  0.26809092120625105  246.370715047749 
22.0  0.8860058228165468  1.3663614012351781  1.8214052299408814  0.26797447952279646  246.59208774336645 
23.0  0.8032911898231037  1.2912347066423067  1.75244424668457  0.2678861821225585  246.81288558809865 
24.0  0.7222773957293028  1.2179616770603916  1.6853752007209046  0.2678305831938881  247.03276179673372 
25.0  0.6428227117185468  1.1464303092347552  1.6201106495011968  0.2678260257218887  247.25168625123885 
26.0  0.5648149791256148  1.0772484759320944  1.5565005790936088  0.2678873752704927  247.46956155200868 
27.0  0.49572388692995856  1.0196034469141797  1.501922365337452  0.26457544466976823  247.7138530358312 
28.0  0.46179966292316466  0.9936697896817517  1.4820889266911637  0.24913869397054295  248.05032280762418 
29.0  0.43656303677307995  0.9769754067006398  1.4709192899685508  0.24127324129840205  248.28394183851225 
30.0  0.41316263202462583  0.96238176215724  1.4616079769207286  0.23536518643972054  248.49065319298842 
31.0  0.39025030253866905  0.9484580182449633  1.452848089289039  0.22991848830454528  248.69153524115612 
32.0  0.36754077893556725  0.9349419698194937  1.444428777021134  0.2246522234550149  248.89041589945032 
33.0  0.3449493269157161  0.921761808430452  1.436282782289574  0.21951515889567214  249.08812035738848 
34.0  0.32254270591517065  0.9089465663271359  1.428385601754045  0.2144911439771942  249.284662389749 
35.0  0.30032066368544896  0.896513205358063  1.4207378205105026  0.2096007794239711  249.4798610935692 
36.0  0.27824033007140647  0.8844900744557964  1.4133484496001731  0.20485075716418322  249.67326729921214 
37.0  0.2562332075621137  0.8730569003091847  1.4062119128606398  0.200282815680561  249.86443863083312 
38.0  0.23446154688610127  0.8622784040298094  1.399388205555146  0.19613696211929255  250.04895866886994 
39.0  0.2130042738122795  0.852019365373058  1.3928202006558381  0.19238019379789592  250.2274346411914 
40.0  0.19190293876307374  0.8420682122327714  1.3864534152409418  0.18890957652059726  250.40139403104138 
41.0  0.1714837059951826  0.8320257834920707  1.3802212448387001  0.1855828130976986  250.57286699789398 
42.0  0.15119493999988487  0.8216730836674728  1.3740154309308832  0.18208195392186896  250.74749169341658 
43.0  0.13102929906326868  0.8109795180374101  1.3678371573611658  0.17827508285764002  250.9276363359094 
44.0  0.11053336322271624  0.799927534810314  1.3617365467463287  0.17415039289159495  251.11333113459054 
45.0  0.08921822572078869  0.7883754547137108  1.3557570298637656  0.16968851346461652  251.30548766901632 
46.0  0.0657075809293312  0.7760353581086533  1.3499326687830966  0.16475816246364083  251.50631759981388 
47.0  0.040619691118207  0.7632309381217114  1.3443610956942404  0.15910767284057478  251.72100466708247 
48.0  0.01585978179885582  0.7507899007356658  1.3391844438460847  0.15299334339628748  251.9449286009931 
49.0  0.0  0.7289292223448821  1.3344122447727509  0.1470484694218942  252.16698462177476 
50.0  0.0  0.7202127513231853  1.3338341473120252  0.13020147688213188  252.5980505527642 
51.0  0.0  0.7183565618997864  1.3371991799851188  0.12119942670682457  252.86855115642834 
52.0  0.0  0.7205962546037064  1.3441991520388623  0.11359566760334204  253.10050840567408 
53.0  0.0  0.7129982365360628  1.3373582848182073  0.11359566760334325  253.21367287781672 
54.0  0.0  0.7133425797461032  1.3434824402550953  0.10626804216152715  253.44318632972036 
55.0  0.0  0.7141769878944019  1.3490265617742165  0.09909865531897052  253.67369793209755 
56.0  0.0  0.7110824453232129  1.348070365284349  0.09581489049947148  253.8465651463341 
57.0  0.0  0.7081064928008975  1.3472241472038808  0.09257865070240522  254.01959115981924 
58.0  0.0  0.7045902600595533  1.346549251837044  0.08938797318512356  254.19293558667252 
59.0  0.0  0.7064056043498027  1.3533420287785698  0.08301632571039602  254.43534146558162 
60.0  0.0  0.7043184970580649  1.3536987697342207  0.08008238618063374  254.61264670547024 
61.0  0.0  0.7023600052191498  1.3542132873178112  0.07745628561988603  254.78969471068922 
62.0  0.0  0.701316976863065  1.354985095287438  0.07518680133527293  254.96855664575665 
63.0  0.0  0.6937390398448674  1.3482444508947065  0.07518680133527414  255.07797685875198 
64.0  0.0  0.7038832481177191  1.3668059994505608  0.0731331254520098  255.42871571659916 
65.0  0.0  0.6918547979025174  1.3510887613454412  0.07313313013073595  255.45485247781687 
66.0  0.0  0.6971622155799279  1.362822247723368  0.07313311294700693  255.72808371476637 
67.0  0.0  0.6905854831766759  1.356092192674675  0.07313311294700703  255.83597637796035 
68.0  0.0  0.6964971699372963  1.3686736059827374  0.07313111779977456  256.10910318105476 
69.0  0.0  0.6906143928554654  1.3619342054726038  0.07313111779977488  256.21619112896985 
70.0  0.0  0.6903441713934787  1.3642431834280067  0.07303802640003379  256.3688160368525 
71.0  0.0  0.689791464705989  1.3668075254260597  0.0728820646958705  255.94299368213433 
72.0  0.0  0.6960115405549868  1.3799746220128188  0.0715538209891548  256.0757099744043 
73.0  0.0  0.6904370369171333  1.3732682220053987  0.07151690630005257  255.94169208096355 
74.0  0.0  0.6910164054910775  1.377226535243751  0.06735367500684164  256.07441039594687 
75.0  0.0  0.6840392875467749  1.370509423240491  0.0668803789428177  255.94875183574834 
76.0  0.0  0.6727156486158022  1.3597187949894962  0.06619889479256663  255.5880244751184 
77.0  0.0  0.6588200587805451  1.3447134264957588  0.06527195381116778  255.25727046981748 
78.0  0.0  0.6449413716884418  1.3294815382491343  0.0643456627016514  254.95538421823656 
79.0  0.0  0.6327881094012471  1.3140423696430892  0.0633898588190155  254.88218299902343 
80.0  0.0  0.6201013337423584  1.302983500551803  0.06264886503479054  254.43367509720468 
81.0  0.0  0.6051043038631166  1.2826101354704318  0.06145427620524879  254.38716692645605 
82.0  0.0  0.594309090184035  1.2713884932946165  0.06080106542052162  254.1774847757474 
83.0  0.0  0.5822564887426992  1.2553450052018047  0.05987828126180829  254.14944506693945 
84.0  0.0  0.5716481633587639  1.2440434652718149  0.05910616098117079  253.9749734092612 
85.0  0.0  0.5596686163043924  1.2277475343426363  0.058184959384509065  253.96403168619855 
86.0  0.0  0.54927565412305  1.2163803930903327  0.05753349218944223  253.82213102540706 
87.0  0.0  0.5344553085565702  1.199891763513823  0.05661366647274512  253.5785659379424 
88.0  0.0  0.5194630471254614  1.178002997678947  0.05530361470307166  253.59784644839561 
89.0  0.0  0.509449420660931  1.166482013329329  0.054654013092756304  253.51327151552664 
90.0  0.0  0.49770370155078325  1.149580219240359  0.053737416864663136  253.545748163565 
91.0  0.0  0.48925398225642575  1.1379793899504138  0.05308881291921184  253.58233134547336 
92.0  0.0  0.4795752422674799  1.1263813758473022  0.05231314718339648  253.53073535161403 
93.0  0.0  0.46800455838930255  1.1092785048799687  0.05139937184202866  253.57890403301892 
94.0  0.0  0.4585677830647816  1.0976209564201798  0.05075259003212491  253.5493461534573 
95.0  0.0  0.4471328295006734  1.0803586971060337  0.049840711961353076  253.6079693897548 
96.0  0.0  0.43794914989297534  1.0686744695169192  0.04909241559535245  253.5983038591063 
97.0  0.0  0.4266279238634705  1.0512704688057208  0.04815350250956492  253.6663168046927 
98.0  0.0  0.4198075990490699  1.03953021403192  0.0475095847704326  253.8026348302219 
99.0  0.0  0.41432004398911004  1.0335539275402357  0.04713008008449645  253.81083254989696 
