0.0  2.548231420653044  2.880453693706476  3.2070496790834815  0.2686215682249185  242.24454630287485 
1.0  2.5318572912744077  2.871676187035141  3.2046768750585364  0.26885641576676056  242.4054705183339 
2.0  2.498342113706701  2.8458126278117417  3.185352518011574  0.26885641576675595  242.58256804391857 
3.0  2.450201320885804  2.8052831369386277  3.1514112388354807  0.26885641576675756  242.7720261863594 
4.0  2.3894583617698912  2.7521931337101697  3.1050198489468857  0.26885641576676456  242.97212080286263 
5.0  2.3178615860644864  2.6883469261533564  3.0479684071197712  0.2688564157667599  243.18160572755582 
6.0  2.2371461377689577  2.6153832417759038  2.981827058377435  0.26885641576676056  243.39950768813807 
7.0  2.148757718908628  2.534808939006003  2.908164672878841  0.2688564157667586  243.62477047079733 
8.0  2.054004922576128  2.4479622817295366  2.8283100835894843  0.2688564157667574  243.85674655456427 
9.0  1.9541818832541855  2.3560890648358237  2.7434574026737546  0.2688564157667625  244.09467759555776 
10.0  1.8504139283745502  2.260337042654606  2.6547837538867913  0.2688564157667626  244.33798804109077 
11.0  1.7437343862441406  2.1617451787817568  2.5633206396648194  0.26885641576675967  244.585987580834 
12.0  1.6351664672750428  2.061334896224478  2.470053725982244  0.2688166088321079  244.8383845301348 
13.0  1.5256951905382652  1.9600800959742506  2.3759742697620285  0.2686770732356303  245.0949825460316 
14.0  1.4160080455662893  1.8587132460008196  2.281842354325512  0.2685443313066138  245.35441569427127 
15.0  1.3067823470274345  1.7578938993347681  2.1882763555727407  0.2684195828614158  245.61609134234664 
16.0  1.198589106908754  1.6582274702261524  2.0958755335199686  0.26828786883621997  245.87961226098489 
17.0  1.0919022742171798  1.5602225594308516  2.005216129390162  0.26807929573301154  246.14497742070128 
18.0  0.9870460347685974  1.4641987776340557  1.916561325448662  0.2678978287000595  246.41093774889916 
19.0  0.8843025756589843  1.3704418354000678  1.8301916671788598  0.26773502558372786  246.67712213694418 
20.0  0.7837828433838125  1.2790935647623225  1.7462727012063481  0.2676198650958906  246.94284506834134 
21.0  0.6854335870741426  1.1901627208233783  1.664848570091375  0.26756646682224106  247.2076820587119 
22.0  0.5891852476850243  1.1035803114555218  1.5858329824758117  0.2675954146745726  247.47138689904608 
23.0  0.4948384655779914  1.0237083035490735  1.5091038901559048  0.2677373605716694  247.7335714799198 
24.0  0.4466634727112668  0.9857378578407664  1.478091438291789  0.24861850414063777  248.15403897940428 
25.0  0.41514190112651705  0.9645021490685451  1.4635397588327195  0.23760924402197475  248.45709900726487 
26.0  0.38701640820164757  0.9471307083464815  1.4524258301423383  0.23032930579412775  248.70873199090124 
27.0  0.3596172993880338  0.9308307736876342  1.4422446022260254  0.22388329946667315  248.94914740135982 
28.0  0.33251221417643106  0.9151191213801014  1.4325126619411876  0.21771505977769567  249.18644856901025 
29.0  0.30568440365346794  0.8999588635827631  1.4231510781107404  0.21173875389153637  249.42176261864535 
30.0  0.2790861981978746  0.885380652899728  1.4141650367144  0.20596337885205462  249.6547137236566 
31.0  0.2526064408825542  0.8716280019875677  1.4055433404080628  0.20042743229031046  249.88473095132062 
32.0  0.22646745694707066  0.858787653918007  1.39736401636045  0.1954699079598229  250.10578648798256 
33.0  0.2008790267147019  0.8466252929338869  1.3895401391975442  0.1910492226757774  250.31847026954017 
34.0  0.17599762364110194  0.8346243743518087  1.3819820785470736  0.1869820274705584  250.5254424253001 
35.0  0.15168820920145287  0.8222503401572772  1.3745287931364643  0.18289260623796919  250.73288775047513 
36.0  0.1273499261128239  0.8093851639969402  1.3671027870701613  0.17836301508987593  250.94823083150374 
37.0  0.10262977045525355  0.7959375688114827  1.359791980190349  0.17338372201234334  251.17150530613245 
38.0  0.07592398768969713  0.7816354293097812  1.3526511669961843  0.16786835452996177  251.40497438152042 
39.0  0.0459352793200878  0.7662646259571312  1.3457825906488958  0.16156536364840218  251.65311861235747 
40.0  0.01616456797378347  0.7512065741699857  1.3394085932773678  0.15427162509880119  251.92054739668657 
41.0  0.0  0.7268684890628682  1.3336206480007498  0.14711128697940218  252.18721830160794 
42.0  0.0  0.7179378822852539  1.332754815307929  0.12849345029678716  252.67392228571336 
43.0  0.0  0.7193970654766609  1.3408257869530613  0.11730058414969062  252.99500104317886 
44.0  0.0  0.7146098759799683  1.339285476579817  0.11359566760334305  253.18918829374468 
45.0  0.0  0.7137145804396338  1.3440319788911308  0.10626804216152551  253.4412966088746 
46.0  0.0  0.7133502368053695  1.3482085161736233  0.09909865531896825  253.6941941947962 
47.0  0.0  0.7083279247283083  1.3458914381926386  0.0958148904994676  253.88928916820328 
48.0  0.0  0.7072426948721731  1.3497957128798925  0.08938797318512529  254.14661396875047 
49.0  0.0  0.7086243468897502  1.3552161067714603  0.08301632571039573  254.41131313671548 
50.0  0.0  0.7003513619154413  1.3471080808576403  0.08301632571039898  254.5437894474009 
51.0  0.0  0.7015868651360313  1.3533793717480311  0.07745628561988877  254.80971476685028 
52.0  0.0  0.6980494523338712  1.3528033207222383  0.0751868013352748  255.01042042039924 
53.0  0.0  0.7011473576403786  1.3610359320770289  0.07313313013073697  255.3007030873944 
54.0  0.0  0.6932713680198915  1.352947495419696  0.07313313013073573  255.43118110991668 
55.0  0.0  0.6974859592527234  1.3633227684290687  0.0731331129470065  255.72610163402737 
56.0  0.0  0.6892844238107526  1.3552464165075448  0.07313311294700665  255.85555252554482 
57.0  0.0  0.7002229288848771  1.3755070506811151  0.07303802640003378  256.2328795425984 
58.0  0.0  0.687262156855444  1.3583851076200988  0.07313111779977449  256.27833252339434 
59.0  0.0  0.692002772287084  1.368639204709348  0.07288206469587113  256.4744777560182 
60.0  0.0  0.6845345017580676  1.3605649638213673  0.07287798412628181  255.80876698134483 
61.0  0.0  0.695825193455006  1.3830664217434874  0.06766045887325622  256.23469763341944 
62.0  0.0  0.6816641482695935  1.3643367541196227  0.07097864241038152  255.86902823969993 
63.0  0.0  0.6750665572803802  1.3628686719249588  0.0663519572589756  255.53465827638004 
64.0  0.0  0.660101426772327  1.3465054134851837  0.06534823380471771  255.23048768417834 
65.0  0.0  0.645219487281562  1.329930220341708  0.06434520213094026  254.95538421823656 
66.0  0.0  0.6286886705894714  1.3131654810817697  0.06323614584238675  254.51369243887422 
67.0  0.0  0.6127271930918461  1.2916107196171762  0.06195403545327006  254.48773678035886 
68.0  0.0  0.6026074812736334  1.2791152455359076  0.06122396440212944  254.46829098591246 
69.0  0.0  0.5893402285493843  1.2666166211581646  0.06049421410816575  254.12231044277698 
70.0  0.0  0.5718806049036418  1.2444273862155804  0.059105701937601396  253.9749734092612 
71.0  0.0  0.5559639854602817  1.2268445744731638  0.05810800722843037  253.71311933351046 
72.0  0.0  0.5400992905681873  1.2040347423049917  0.05684256090169676  253.7451994766982 
73.0  0.0  0.5290707494639127  1.1912986368839398  0.05599754471619408  253.66046802811687 
74.0  0.0  0.5164266805251136  1.173331368891751  0.0549977113590574  253.70700673373372 
75.0  0.0  0.504304312405601  1.1605615555514868  0.05427190034766881  253.545748163565 
76.0  0.0  0.48866836228601634  1.1370384359758077  0.053012109253388943  253.60963964333348 
77.0  0.0  0.4782404894180413  1.1242101092112344  0.05216029325789206  253.5853764607106 
78.0  0.0  0.46594536165542205  1.1058773288290007  0.05117047888396849  253.6608057958067 
79.0  0.0  0.45582177928741746  1.092993794340181  0.050447662480980225  253.65856903915815 
80.0  0.0  0.4437075108181657  1.07455336584824  0.04934421817291005  253.7443814235841 
81.0  0.0  0.43386576639982316  1.0616563373423462  0.04860635299237469  253.7619906058114 
82.0  0.0  0.42192926226547983  1.0430835175525828  0.047621512632249764  253.85710059116622 
83.0  0.0  0.4124053756313304  1.0301822417504334  0.04690204840085949  253.89251014035514 
84.0  0.0  0.4006416710074681  1.0115050942576171  0.04578181288434618  253.99590395578457 
85.0  0.0  0.39141764261773626  0.9985835414062905  0.045064466521396424  254.0472068402398 
86.0  0.0  0.379843909717336  0.9798294065112261  0.04408576952883026  254.15794336711332 
87.0  0.0  0.3709383242756295  0.9668846626066023  0.04326432025098797  254.22337224313068 
88.0  0.0  0.35954330873882784  0.9480509831324707  0.04225096841882355  254.34058282974553 
89.0  0.0  0.3509450959661034  0.9351174339744389  0.04153821556488617  254.41850906697155 
90.0  0.0  0.33975056597879677  0.9161809801465852  0.04056700335294392  254.54139636367583 
91.0  0.0  0.33147068178650074  0.9032631751912646  0.03970578682554464  254.6303272906757 
92.0  0.0  0.3204474015273475  0.8842654610761694  0.03873957703031902  254.75816327700664 
93.0  0.0  0.31250011897920005  0.8713312746711844  0.03803243317689477  254.85673797072235 
94.0  0.0  0.30167354881508196  0.8522832255137969  0.03703974720539105  254.98886133454602 
95.0  0.0  0.2940387167231813  0.8393526829437735  0.03620961810333809  255.09584525365904 
96.0  0.0  0.2833925716310106  0.8202357238168235  0.03525412734951827  255.23165826882553 
97.0  0.0  0.27637904179088085  0.8073314763268754  0.03455426352005699  255.36849269661624 
98.0  0.0  0.26944195904298635  0.7944193140863081  0.03366027558435126  255.5288032589585 
99.0  0.0  0.25922909150950996  0.7752149688007144  0.03305555555555548  255.52005886584305 
