17885.0  242.24022339798773  2.8602666469287468  0.26470695661877935  271.34999999999997 
17886.0  242.24052642690108  2.8636570634216665  0.2649386469815354  271.34999999999997 
17887.0  242.2411577342283  2.867043199033076  0.2651669694493081  271.34999999999997 
17888.0  242.24213649422904  2.8704250391651063  0.26539170093755693  271.34999999999997 
17889.0  242.24348287023824  2.8738025677844363  0.2656126053930784  271.34999999999997 
17890.0  242.2452180528201  2.87717576736033  0.2658294331737407  271.34999999999997 
17891.0  242.24736429850944  2.8805446188008696  0.2660419204078998  271.34999999999997 
17892.0  242.24994496908224  2.8839091013873923  0.2662497883334773  271.34999999999997 
17893.0  242.25298457128864  2.887269192707159  0.26645274261672947  271.34999999999997 
17894.0  242.25650879697713  2.8906248685842693  0.2666504726507964  271.34999999999997 
17895.0  242.26054456353293  2.893976103008858  0.2668426508341835  271.34999999999997 
17896.0  242.26512005454035  2.897322868064607  0.2670289318293813  271.34999999999997 
17897.0  242.27026476058347  2.9006651338546128  0.26720895180191606  271.34999999999997 
17898.0  242.2760095200773  2.9040028684256654  0.26738232764017467  271.34999999999997 
17899.0  242.2823865600288  2.9073360376909836  0.2675486561564435  271.34999999999997 
17900.0  242.28942953660663  2.910664605351479  0.267707513269665  271.34999999999997 
17901.0  242.2971735754  2.9139885328156128  0.26785845317051005  271.34999999999997 
17902.0  242.30565531123318  2.9173077791179267  0.2680010074694466  271.34999999999997 
17903.0  242.31491292739653  2.920622300836329  0.268134684328578  271.34999999999997 
17904.0  242.32498619414662  2.923932052008233  0.2682589675781213  271.34999999999997 
17905.0  242.33591650631675  2.927236984045646  0.2683733158184878  271.34999999999997 
17906.0  242.3477469198772  2.930537045649319  0.26847716150904216  271.34999999999997 
17907.0  242.36052218726792  2.9338321827220772  0.26856991004470987  271.34999999999997 
17908.0  242.3742887913245  2.9371223382814486  0.2686509388217186  271.34999999999997 
17909.0  242.38909497760665  2.9404074523717374  0.26871959629386666  271.34999999999997 
17910.0  242.4049907849324  2.943687461975671  0.26877520102083163  271.34999999999997 
17911.0  242.4220280739112  2.946962300925785  0.2688170407101431  271.34999999999997 
17912.0  242.4402605532625  2.9502318998156882  0.2688443712545663  271.34999999999997 
17913.0  242.4597438036986  2.953496185911396  0.2688564157667617  271.34999999999997 
17914.0  242.48053529914543  2.956755083062885  0.26885236361321535  271.34999999999997 
17915.0  242.50269442506436  2.9600085116160675  0.2688313694495494  271.34999999999997 
17916.0  242.52628249363488  2.9632563883253713  0.2687925522594548  271.34999999999997 
17917.0  242.55136275555247  2.9664986262671174  0.2687349943996116  271.34999999999997 
17918.0  242.57800040818938  2.969735134753908  0.268657740653089  271.34999999999997 
17919.0  242.60626259986222  2.9729658192502324  0.26855979729384144  271.34999999999997 
17920.0  242.6362184299474  2.9761905812895058  0.2684401311650445  271.34999999999997 
17921.0  242.66793894458257  2.9794093183927672  0.26829766877413785  271.34999999999997 
17922.0  242.70149712768924  2.9826219239892624  0.26813129540756336  271.34999999999997 
17923.0  242.73696788705232  2.985828287339145  0.2679398542683071  271.34999999999997 
17924.0  242.77442803519332  2.989028293458532  0.26772214563947405  271.34999999999997 
17925.0  242.81395626477212  2.9922218230471507  0.26747692607723317  271.34999999999997 
17926.0  242.85563311825928  2.9954087524188218  0.26720290763658394  271.34999999999997 
17927.0  242.89954095162162  2.9985889534350187  0.2668987571334995  271.34999999999997 
17928.0  242.94576389177217  3.001762293441748  0.2665630954471038  271.34999999999997 
17929.0  242.99438778753824  3.004928635209992  0.2661944968656281  271.34999999999997 
17930.0  243.04550015391712  3.0080878368799584  0.2657914884799901  271.34999999999997 
17931.0  243.09919010939004  3.0112397519093697  0.26535254962890764  271.34999999999997 
17932.0  243.15554830608656  3.0143842290260348  0.2648761113995432  271.34999999999997 
17933.0  243.214666852596  3.0175211121849266  0.26436055618772747  271.34999999999997 
17934.0  243.2766392292469  3.0206502405299926  0.2638042173218764  271.34999999999997 
17935.0  243.34156019568607  3.023771448360913  0.2632053787547545  271.34999999999997 
17936.0  243.409525690611  3.0268845651050142  0.26256227482727096  271.34999999999997 
17937.0  243.48063272353113  3.0299894152945366  0.26187309010852156  271.34999999999997 
17938.0  243.55497925845563  3.0330858185494356  0.261135959316299  271.34999999999997 
17939.0  243.6326640894306  3.036173589565894  0.2603489673222928  271.34999999999997 
17940.0  243.71378670787436  3.0392525381107  0.25951014924618193  271.34999999999997 
17941.0  243.79844716169265  3.042322469021626  0.25861749064280326  271.34999999999997 
17942.0  243.8867459061796  3.04538318221394  0.257668927786526  271.34999999999997 
17943.0  243.97878364674798  3.0484344726931396  0.2566623480569087  271.34999999999997 
17944.0  244.07466117356594  3.051476130573998  0.25559559042964686  271.34999999999997 
17945.0  244.17447918820835  3.0545079411059746  0.25446644607671987  271.34999999999997 
17946.0  244.27833812247397  3.057529684705023  0.2532726590795472  271.34999999999997 
17947.0  244.38633794955473  3.060541136991801  0.2520119272588414  271.34999999999997 
17948.0  244.49857798778189  3.0635420688362607  0.25068190312470034  271.34999999999997 
17949.0  244.61515669721715  3.0665322464085625  0.2492801949503288  271.34999999999997 
17950.0  244.7361714693961  3.069511431236231  0.2478043679726047  271.34999999999997 
17951.0  244.86171841057168  3.0724793802674313  0.24625194572250717  271.34999999999997 
17952.0  244.99189211885  3.0754358459402114  0.24462041148821853  271.34999999999997 
17953.0  245.12678545565075  3.078380576257521  0.24290720991348153  271.34999999999997 
17954.0  245.2664893119655  3.0813133148677743  0.24110974873354463  271.34999999999997 
17955.0  245.41109236992918  3.0842338011506887  0.23922540065076475  271.34999999999997 
17956.0  245.5606808602592  3.0871417703080875  0.23725150535165368  271.34999999999997 
17957.0  245.71533831615568  3.090036953459308  0.23518537166685438  271.34999999999997 
17958.0  245.87514532429287  3.09291907774082  0.23302427987521537  271.34999999999997 
17959.0  246.0401792735672  3.0957878664096032  0.23076548415279702  271.34999999999997 
17960.0  246.21051410230052  3.0986430389497923  0.22840621516729315  271.34999999999997 
17961.0  246.38622004462684  3.101484311182044  0.22594368281798405  271.34999999999997 
17962.0  246.56736337681903  3.104311395375032  0.2233750791209568  271.34999999999997 
17963.0  246.75400616433518  3.107124000358425  0.2206975812389313  271.34999999999997 
17964.0  246.94620601038503  3.1099218316366426  0.2179083546546209  271.34999999999997 
17965.0  247.14401580683403  3.1127045915026343  0.21500455648613473  271.34999999999997 
17966.0  247.34748348827492  3.115471979150872  0.21198333894249557  271.34999999999997 
17967.0  247.55665179010407  3.1182236907886756  0.20884185291690277  271.34999999999997 
17968.0  247.77155801144303  3.120959419744946  0.20557725171491303  271.34999999999997 
17969.0  247.99223378374526  3.1236788565753026  0.20218669491425276  271.34999999999997 
17970.0  248.21870484592168  3.126381689162565  0.19866735235251054  271.34999999999997 
17971.0  248.45099082680173  3.129067602811448  0.19501640823847197  271.34999999999997 
17972.0  248.68910503573937  3.1317362803362636  0.19123106538240037  271.34999999999997 
17973.0  248.9330542621372  3.134387402140357  0.1873085495400649  271.34999999999997 
17974.0  249.18283858464687  3.13702064628591  0.18324611386485548  271.34999999999997 
17975.0  249.43845119076028  3.139635688552675  0.17904104346183378  271.34999999999997 
17976.0  249.69987820747014  3.1422322024841  0.17469066003709197  271.34999999999997 
17977.0  249.96709854363488  3.144809859419213  0.17019232663532355  271.34999999999997 
17978.0  250.24008374462986  3.1473683285085285  0.16554345245804034  271.34999999999997 
17979.0  250.518797859812  3.149907276712118  0.160741497754412  271.34999999999997 
17980.0  250.80319732326294  3.1524263687778653  0.15578397877625275  271.34999999999997 
17981.0  251.0932308482135  3.154925267197787  0.15066847278825335  271.34999999999997 
17982.0  251.38883933547373  3.1574036321401353  0.1453926231241198  271.34999999999997 
17983.0  251.6899557961238  3.1598611213548384  0.13995414427888248  271.34999999999997 
17984.0  251.99650528863734  3.1622973900496345  0.1343508270272515  271.34999999999997 
17985.0  252.30840487052032  3.1647120907340334  0.12858054355751403  271.34999999999997 
17986.0  252.62556356446393  3.1671048730279976  0.12264125261013252  271.34999999999997 
17987.0  252.94788233890912  3.169475383431953  0.11653100460986884  271.34999999999997 
17988.0  253.27525410282556  3.171823265054418  0.11024794677996794  271.34999999999997 
17989.0  253.6075637143962  3.174148157293171  0.10379032822665006  271.34999999999997 
17990.0  253.94468800319507  3.17644969546547  0.09715650498192721  271.34999999999997 
17991.0  254.47698219116475  3.178695802764661  0.09098329738558282  271.34999999999997 
17992.0  255.24500250906564  3.180843203316421  0.08606794942947239  271.34999999999997 
17993.0  255.939451490743  3.1828961398347007  0.08218312515476876  271.34999999999997 
17994.0  256.5731163386606  3.184858523957495  0.07913551810419318  271.34999999999997 
17995.0  257.15702677668946  3.1867338664525064  0.07676234547364094  271.34999999999997 
17996.0  257.70062016826006  3.18852524218912  0.07492785539011507  271.34999999999997 
17997.0  258.2119003411474  3.190235283615555  0.07351993700611552  271.34999999999997 
17998.0  258.69759036807756  3.1918661960020165  0.07244690450460396  271.34999999999997 
17999.0  259.1632789273307  3.1934197880269277  0.07163450776589311  271.34999999999997 
18000.0  259.6135594618998  3.19489751206512  0.07102320517539798  271.34999999999997 
18001.0  260.05216115413793  3.1963005095330503  0.07056571848030437  271.34999999999997 
18002.0  260.4820707141339  3.1976296576834597  0.07022487616840588  271.34999999999997 
18003.0  260.9056441117113  3.198885615212833  0.069971740785962  271.34999999999997 
18004.0  261.3247076221404  3.2000688648914464  0.06978400700113106  271.34999999999997 
18005.0  261.7406478589242  3.2011797521239775  0.06964465097506203  271.34999999999997 
18006.0  262.15449079035284  3.2022185188967836  0.07092969641772534  271.34999999999997 
18007.0  262.4432184712947  3.20320275569505  0.07179938989372053  271.34999999999997 
18008.0  262.7676733937472  3.2041277751374246  0.07237328270455971  271.34999999999997 
18009.0  263.11823598623755  3.2049901154275613  0.07273887059087769  271.34999999999997 
18010.0  263.48762330794204  3.205787253636402  0.07295952727654231  271.34999999999997 
18011.0  263.870370956957  3.2065173821061648  0.07308067630163273  271.34999999999997 
18012.0  264.2624080433065  3.2071792355193196  0.07313453191548096  271.34999999999997 
18013.0  264.66071618531487  3.2077719584868256  0.07314369547884161  271.34999999999997 
18014.0  265.0630611750725  3.2082950052830466  0.07312385007463469  271.34999999999997 
18015.0  265.46778548012  3.2087480648109636  0.07308575483716181  271.34999999999997 
18016.0  265.8736503526831  3.209131005123559  0.07303670316403728  271.34999999999997 
18017.0  266.27971749606456  3.2094438329004897  0.07298157616765327  271.34999999999997 
18018.0  266.6852616575094  3.209686664202537  0.07292359468404133  271.34999999999997 
18019.0  267.08970696979895  3.209859703610095  0.07286484977541617  271.34999999999997 
18020.0  267.4925812278653  3.209963229505273  0.07280667259742866  271.34999999999997 
18021.0  267.89348349787764  3.2099975837910595  0.07274988927614448  271.34999999999997 
18022.0  268.2920614888344  3.2099631647683884  0.07269499451450247  271.34999999999997 
18023.0  268.6879959690882  3.2098604222273965  0.0726422684784458  271.34999999999997 
18024.0  269.08099019508046  3.2096898540673013  0.07259185458498213  271.34999999999997 
18025.0  269.47076285686984  3.2094520039543584  0.07254381066737023  271.34999999999997 
18026.0  269.85704345764026  3.20914745967206  0.07249814222999883  271.34999999999997 
18027.0  270.2395693550197  3.208776851923281  0.0724548237975685  271.34999999999997 
18028.0  270.6180839216164  3.208340853419795  0.07241381244347048  271.34999999999997 
18029.0  270.9923354489114  3.207840178148064  0.07237505624113941  271.34999999999997 
18030.0  271.3620765377221  3.2072755807373747  0.07233849945846452  271.34999999999997 
18031.0  271.72706380215647  3.20664785588189  0.07230408568789809  271.34999999999997 
18032.0  272.08705777191506  3.2059578377853852  0.07227175968438951  271.34999999999997 
18033.0  272.44182291731545  3.205206399608914  0.07224146840511378  271.34999999999997 
18034.0  272.79112774797926  3.2043944529091863  0.0722131615632848  271.34999999999997 
18035.0  273.13474495375425  3.203522947060326  0.07218679189119279  271.34999999999997 
18036.0  273.15  3.2026487112864266  0.0708519055213875  271.34999999999997 
18037.0  273.15  3.201773605007397  0.0665025064703087  271.34999999999997 
18038.0  273.15  3.200895797820381  0.06083184323048686  271.34999999999997 
18039.0  273.15  3.2000144214485604  0.0538649174676568  271.34999999999997 
18040.0  273.15  3.1991285656137296  0.045627927313058064  271.34999999999997 
18041.0  273.15  3.1982372631879827  0.036148293483766226  271.34999999999997 
18042.0  273.15  3.1973394733435097  0.025454689476975274  271.34999999999997 
18043.0  273.15  3.196434061946765  0.013577077955314173  271.34999999999997 
18044.0  273.15  3.1955197782397287  0.0005467560088646978  271.34999999999997 
18045.0  273.15  3.1896997153506383  0.0  271.34999999999997 
18046.0  273.15  3.183280278960649  0.0  271.34999999999997 
18047.0  273.15  3.176469285359754  0.0  271.34999999999997 
18048.0  273.15  3.169278120732577  0.0  271.34999999999997 
18049.0  273.15  3.161718492322864  0.0  271.34999999999997 
18050.0  273.15  3.1538024185415385  0.0  271.34999999999997 
18051.0  273.15  3.145542218647988  0.0  271.34999999999997 
18052.0  273.15  3.136950502021149  0.0  271.34999999999997 
18053.0  273.15  3.128040157037719  0.0  271.34999999999997 
18054.0  273.15  3.1188243395755224  0.0  271.34999999999997 
18055.0  273.15  3.109316461160702  0.0  271.34999999999997 
18056.0  273.15  3.099530176778042  0.0  271.34999999999997 
18057.0  273.15  3.0894793723642646  0.0  271.34999999999997 
18058.0  273.15  3.0791781520046593  0.0  271.34999999999997 
18059.0  273.15  3.0686408248538712  0.0  271.34999999999997 
18060.0  273.15  3.0578818918020767  0.0  271.34999999999997 
18061.0  273.15  3.0469160319081263  0.0  271.34999999999997 
18062.0  273.15  3.035758088621557  0.0  271.34999999999997 
18063.0  273.15  3.0244230558156073  0.0  271.34999999999997 
18064.0  273.15  3.01292606365359  0.0  271.34999999999997 
18065.0  273.15  3.001282364311118  0.0  271.34999999999997 
18066.0  273.15  2.9895073175767743  0.0  271.34999999999997 
18067.0  273.15  2.9776163763538808  0.0  271.34999999999997 
18068.0  273.15  2.9656250720860005  0.0  271.34999999999997 
18069.0  273.15  2.953549000128774  0.0  271.34999999999997 
18070.0  273.15  2.9414038050905873  0.0  271.34999999999997 
18071.0  273.15  2.929205166164419  0.0  271.34999999999997 
18072.0  273.15  2.9169687824730364  0.0  271.34999999999997 
18073.0  273.15  2.904710358449463  0.0  271.34999999999997 
18074.0  273.15  2.8924455892743772  0.0  271.34999999999997 
18075.0  273.15  2.8801901463917683  0.0  271.34999999999997 
18076.0  273.15  2.8679596631238344  0.0  271.34999999999997 
18077.0  273.15  2.8557697204056973  0.0  271.34999999999997 
18078.0  273.15  2.8436358326600892  0.0  271.34999999999997 
18079.0  273.15  2.831573433831694  0.0  271.34999999999997 
18080.0  273.15  2.819597863600326  0.0  271.34999999999997 
18081.0  273.15  2.8077243537916097  0.0  271.34999999999997 
18082.0  273.15  2.7959680150032544  0.0  271.34999999999997 
18083.0  273.15  2.7843438234644404  0.0  271.34999999999997 
18084.0  273.15  2.772866608145226  0.0  271.34999999999997 
18085.0  273.15  2.761551038132247  0.0  271.34999999999997 
18086.0  273.15  2.7504116102863367  0.0  271.34999999999997 
18087.0  273.15  2.7394626371970108  0.0  271.34999999999997 
18088.0  273.15  2.728718235448088  0.0  271.34999999999997 
18089.0  273.15  2.718192314208003  0.0  271.34999999999997 
18090.0  273.15  2.7078985641576603  0.0  271.34999999999997 
18091.0  273.15  2.6978504467679447  0.0  271.34999999999997 
18092.0  273.15  2.6880611839382698  0.0  271.34999999999997 
18093.0  273.15  2.6785437480068075  0.0  271.34999999999997 
18094.0  273.15  2.669310852142281  0.0  271.34999999999997 
18095.0  273.15  2.660374941126462  0.0  271.34999999999997 
18096.0  273.15  2.6517481825357465  0.0  271.34999999999997 
18097.0  273.15  2.6434424583294334  0.0  271.34999999999997 
18098.0  273.15  2.635469356851574  0.0  271.34999999999997 
18099.0  273.15  2.6278401652524983  0.0  271.34999999999997 
18100.0  273.15  2.620565862335383  0.0  271.34999999999997 
18101.0  273.15  2.6136571118324787  0.0  271.34999999999997 
18102.0  273.15  2.6071242561148638  0.0  271.34999999999997 
18103.0  273.15  2.6009773103388767  0.0  271.34999999999997 
18104.0  273.15  2.595225957031642  0.0  271.34999999999997 
18105.0  273.15  2.589879541117395  0.0  271.34999999999997 
18106.0  273.15  2.584947065385607  0.0  271.34999999999997 
18107.0  273.15  2.58043718640122  0.0  271.34999999999997 
18108.0  273.15  2.5763582108566254  0.0  271.34999999999997 
18109.0  273.15  2.5727180923643393  0.0  271.34999999999997 
18110.0  273.15  2.5695244286886973  0.0  271.34999999999997 
18111.0  273.15  2.566784459414234  0.0  271.34999999999997 
18112.0  273.15  2.5645050640478027  0.0  271.34999999999997 
18113.0  273.15  2.5626927605508807  0.0  271.34999999999997 
18114.0  273.15  2.561353704297914  0.0  271.34999999999997 
18115.0  273.15  2.5603389659751956  0.0  271.34999999999997 
18116.0  273.15  2.5593240484206357  0.0  271.34999999999997 
18117.0  273.15  2.5583089514604134  0.004166666666666667  271.34999999999997 
18118.0  273.15  2.557298848378575  0.008333333333333333  271.34999999999997 
18119.0  273.15  2.55629363101739  0.0125  271.34999999999997 
18120.0  273.15  2.555293194677094  0.016666666666666666  271.34999999999997 
18121.0  272.9571094691963  2.5543438653873247  0.020833333333333332  271.34999999999997 
18122.0  272.42218439533764  2.553526022210771  0.024999999999999998  271.34999999999997 
18123.0  271.8910263383318  2.5528360274900037  0.029166666666666664  271.34999999999997 
18124.0  271.36376159977226  2.552270309532317  0.03333333333333333  271.34999999999997 
18125.0  270.84050863703004  2.5518253633309373  0.0375  271.34999999999997 
18126.0  270.3213782794874  2.5514977511105994  0.041666666666666664  271.34999999999997 
18127.0  269.80647395770353  2.5512841027076614  0.04583333333333333  271.34999999999997 
18128.0  269.2958919440012  2.551181115794715  0.049999999999999996  271.34999999999997 
18129.0  268.78972160293205  2.5511855559594325  0.05416666666666666  271.34999999999997 
18130.0  268.28804565009017  2.5512942566471795  0.05833333333333333  271.34999999999997 
18131.0  267.79094041773504  2.551504118976672  0.06249999999999999  271.34999999999997 
18132.0  267.29847612571393  2.5518121114377257  0.06666666666666667  271.34999999999997 
18133.0  266.81071715618  2.5522152694798814  0.07083333333333333  271.34999999999997 
18134.0  266.32772233065054  2.5527106950004446  0.0747657149445627  271.34999999999997 
18135.0  265.85564348937294  2.553294901693728  0.07833862445129403  271.34999999999997 
18136.0  265.3972759364715  2.5539644081950605  0.08161136668237559  271.34999999999997 
18137.0  264.9505365344349  2.5547162735445483  0.08463342422856857  271.34999999999997 
18138.0  264.5137352847729  2.5555479745677236  0.08744625279714441  271.34999999999997 
18139.0  264.08550259463595  2.556457311294173  0.09008472354224073  271.34999999999997 
18140.0  263.6647303050233  2.557442333483915  0.09257828606362113  271.34999999999997 
18141.0  263.25052386773785  2.558501283207548  0.0949519095460127  271.34999999999997 
18142.0  262.8421635280199  2.559632549749539  0.09722684703234721  271.34999999999997 
18143.0  262.4390727716726  2.5608346340507255  0.09942125818710004  271.34999999999997 
18144.0  262.04079263036624  2.562106120592086  0.10155071843534386  271.34999999999997 
18145.0  261.6734675564516  2.563440459105884  0.10372640574949583  271.34999999999997 
18146.0  261.31672660981883  2.5648347290301494  0.10598376040409577  271.34999999999997 
18147.0  260.96036088344886  2.5662878625796393  0.10832022704288682  271.34999999999997 
18148.0  260.6045396277677  2.567798754114342  0.11073328895405164  271.34999999999997 
18149.0  260.24943112357795  2.569366263537761  0.11322046966856919  271.34999999999997 
18150.0  259.89520246961234  2.5709892196144564  0.11577933442331674  271.34999999999997 
18151.0  259.5420193660486  2.5726664231982164  0.11840749149149996  271.34999999999997 
18152.0  259.1900458952471  2.5743966503635787  0.12110259338321623  271.34999999999997 
18153.0  258.8394443009525  2.5761786554346795  0.12386233791917807  271.34999999999997 
18154.0  258.4903747671601  2.5780111739066034  0.1266844691808055  271.34999999999997 
18155.0  258.1429951978154  2.5798929252555034  0.12956677834007718  271.34999999999997 
18156.0  257.79746099846363  2.5818226156347865  0.13250710437268884  271.34999999999997 
18157.0  257.45392486091555  2.5837989404555852  0.13550333465819897  271.34999999999997 
18158.0  257.11253655194446  2.585820586850578  0.1385534054709768  271.34999999999997 
18159.0  256.77344270696443  2.5878862360209776  0.14165530236585974  271.34999999999997 
18160.0  256.4367866295853  2.5899945654671814  0.14480706046252637  271.34999999999997 
18161.0  256.10270809787625  2.5921442511041604  0.14800676463266552  271.34999999999997 
18162.0  255.77134317810234  2.5943339692631846  0.15125254959407047  271.34999999999997 
18163.0  255.44282404664105  2.5965623985819177  0.15454259991583727  271.34999999999997 
18164.0  255.1172788207188  2.598828221785285  0.15787514993887514  271.34999999999997 
18165.0  254.79483139854437  2.6011301273598306  0.16124848361594812  271.34999999999997 
18166.0  254.47560130935491  2.6034668111245267  0.16466093427547265  271.34999999999997 
18167.0  254.15970357382653  2.605836977701193  0.1681108843132794  271.34999999999997 
18168.0  253.84724857524378  2.6082393418878382  0.1715967648165303  271.34999999999997 
18169.0  253.53834194176048  2.6106726299383345  0.1751170551239434  271.34999999999997 
18170.0  253.23308444002936  2.6131355807519068  0.17867028232643647  271.34999999999997 
18171.0  252.93157188041855  2.6156269469759543  0.18225502071224084  271.34999999999997 
18172.0  252.6338950339833  2.6181454960257162  0.1858698911604805  271.34999999999997 
18173.0  252.34013956130272  2.6206900110242852  0.18951356048712878  271.34999999999997 
18174.0  252.05038595324675  2.6232592916664204  0.19318474074718492  271.34999999999997 
18175.0  251.764709483684  2.6258521550095555  0.19688218849681724  271.34999999999997 
18176.0  251.48318017409872  2.6284674361953178  0.20060470401913177  271.34999999999997 
18177.0  251.2058627700341  2.631103989104795  0.2043511305171142  271.34999999999997 
18178.0  250.93281672924522  2.6337606869506835  0.20812035327720635  271.34999999999997 
18179.0  250.66409622139238  2.636436422809351  0.21191129880684775  271.34999999999997 
18180.0  250.39975013907596  2.639130110095739  0.21572293394921407  271.34999999999997 
18181.0  250.13982211997214  2.6418406829839247  0.21955426497825975  271.34999999999997 
18182.0  249.88435057979478  2.6445670967760386  0.22340433667705395  271.34999999999997 
18183.0  249.63336875577733  2.6473083282221364  0.22727223140227693  271.34999999999997 
18184.0  249.38690476033668  2.650063375793503  0.23115706813761963  271.34999999999997 
18185.0  249.14498164455404  2.652831259911762  0.2350580015387039  271.34999999999997 
18186.0  248.90761747108135  2.6556110231360583  0.23897422097201615  271.34999999999997 
18187.0  248.6748253960575  2.6584017303104783  0.2429049495502171  271.34999999999997 
18188.0  248.44661375960044  2.6612024686737747  0.24684944316607138  271.34999999999997 
18189.0  248.22298618441795  2.6640123479333706  0.2508069895271082  271.34999999999997 
18190.0  248.00394168206802  2.666830500305523  0.25088801830411683  271.34999999999997 
18191.0  247.80849200616032  2.6696743541139516  0.2509807668397849  271.34999999999997 
18192.0  247.6177258911851  2.672543109057534  0.2510846125303394  271.34999999999997 
18193.0  247.43161217418248  2.6754359734470943  0.2511989607707058  271.34999999999997 
18194.0  247.25011608349118  2.6783521647622877  0.2513232440202488  271.34999999999997 
18195.0  247.07319938571356  2.681290910173281  0.25145692087938043  271.34999999999997 
18196.0  246.9008205355695  2.684251447027715  0.25159947517831677  271.34999999999997 
18197.0  246.7329348281848  2.687233023303482  0.2517504150791616  271.34999999999997 
18198.0  246.56949455335948  2.6902348980278896  0.25190927219238296  271.34999999999997 
18199.0  246.4104491513687  2.693256341663846  0.25207560070865165  271.34999999999997 
18200.0  246.2557453698533  2.6962966364637206  0.2522489765469102  271.34999999999997 
18201.0  246.10532742136505  2.6993550767915933  0.2524289965194449  271.34999999999997 
18202.0  245.95913714114346  2.702430969414626  0.2526152775146432  271.34999999999997 
18203.0  245.81711414470956  2.705523633764329  0.2528074556980301  271.34999999999997 
18204.0  245.67919598487893  2.7086324021685244  0.2530051857320972  271.34999999999997 
18205.0  245.54531830780488  2.7117566200548326  0.25320814001534914  271.34999999999997 
18206.0  245.41541500768525  2.7148956461265312  0.2534160079409269  271.34999999999997 
18207.0  245.28941837977655  2.71804885251166  0.2536284951750861  271.34999999999997 
18208.0  245.16725927138177  2.721215624886259  0.25384532295574846  271.34999999999997 
18209.0  245.04886723049182  2.724395362572646  0.25406622741127016  271.34999999999997 
18210.0  244.93417065178426  2.727587478613647  0.25429095889951897  271.34999999999997 
18211.0  244.8230969196997  2.73079139982371  0.2545192813672919  271.34999999999997 
18212.0  244.71557254833596  2.7340065668178326  0.25475097173004785  271.34999999999997 
18213.0  244.611523317924  2.737232434019245  0.25498581927188985  271.34999999999997 
18214.0  244.5108744076637  2.74046846964679  0.2552236250656724  271.34999999999997 
18215.0  244.41355052472562  2.743714155682939  0.2554642014130791  271.34999999999997 
18216.0  244.31947602923924  2.7469689878233883  0.25570737130446886  271.34999999999997 
18217.0  244.22857505511152  2.7502324754091645  0.25595296789825683  271.34999999999997 
18218.0  244.1407716265387  2.753504141342179  0.2562008340195607  271.34999999999997 
18219.0  244.05598977009384  2.756783521985142  0.2564508216778147  271.34999999999997 
18220.0  243.97415362229236  2.7600701670467584  0.25670279160302745  271.34999999999997 
18221.0  243.8951875325572  2.763363639453095  0.256956612800337  271.34999999999997 
18222.0  243.81901616151927  2.7666635152060155  0.2572121621224888  271.34999999999997 
18223.0  243.7455645746136  2.769969383229551  0.257469323859854  271.34999999999997 
18224.0  243.67475833094088  2.7732808452050595  0.2577279893475788  271.34999999999997 
18225.0  243.60652356738578  2.7765975153960194  0.25798805658945145  271.34999999999997 
18226.0  243.54078707799428  2.7799190204632698  0.2582494298980505  271.34999999999997 
18227.0  243.47747638863282  2.7832449992715014  0.2585120195507444  271.34999999999997 
18228.0  243.41651982695672  2.7865751026877765  0.25877574146108606  271.34999999999997 
18229.0  243.35784658773846  2.789908993372832  0.25904051686515756  271.34999999999997 
18230.0  243.30138679360942  2.7932463455659056  0.25930627202240264  271.34999999999997 
18231.0  243.2470715512872  2.7965868448637896  0.2595729379304945  271.34999999999997 
18232.0  243.19483300336393  2.7999301879948075  0.259840450053774  271.34999999999997 
18233.0  243.14460437574732  2.8032760825883676  0.26010874806480333  271.34999999999997 
18234.0  243.09632002084828  2.8066242469407396  0.260377775598575  271.34999999999997 
18235.0  243.04991545662367  2.8099744097776647  0.2606474800189274  271.34999999999997 
18236.0  243.00532740158098  2.813326310014383  0.2609178121967115  271.34999999999997 
18237.0  242.9624938058674  2.8166796965136496  0.2611887262992687  271.34999999999997 
18238.0  242.92135387856334  2.820034327842267  0.26146017959077983  271.34999999999997 
18239.0  242.88184811130964  2.8233899720266518  0.26173213224305497  271.34999999999997 
18240.0  242.8439182983989  2.8267464063079193  0.2620045471563378  271.34999999999997 
18241.0  242.80750755346747  2.8301034168969466  0.26227738978971193  271.34999999999997 
18242.0  242.77256032292397  2.8334607987298512  0.2625506280007015  271.34999999999997 
18243.0  242.7390223962544  2.8368183552242963  0.26282423189366877  271.34999999999997 
18244.0  242.70684091334314  2.8401758980370073  0.2630981736766191  271.34999999999997 
18245.0  242.6759643689537  2.843533246822867  0.2633724275260392  271.34999999999997 
18246.0  242.6463426145074  2.8468902289959233  0.2636469694593983  271.34999999999997 
18247.0  242.6179268573043  2.85024667949263  0.26392177721495813  271.34999999999997 
18248.0  242.59066965732367  2.8536024405376113  0.2641968301385424  271.34999999999997 
18249.0  242.56452492174662  2.8569573614122237  0.2644721090769353  271.34999999999997 
