0.0  2.5482314206530448  2.880453693706477  3.2070496790834833  0.2686215682249197  242.24454630287485 
1.0  2.5487423746079667  2.8809802765624846  3.2075603224494995  0.26885641576675984  242.24236403452693 
2.0  2.549178425727305  2.8814173615850387  3.207996108710244  0.2688564157667594  242.24198112365818 
3.0  2.549550564681951  2.8817903827928206  3.2083680217162267  0.2688564157667591  242.24165439176704 
4.0  2.5498681666419394  2.882108737631187  3.208685430905518  0.26885641576676017  242.241375582947 
5.0  2.5501392295005547  2.882380442988189  3.208956329288111  0.2688564157667598  242.24113765824455 
6.0  2.550370576762064  2.8826123385677884  3.209187536206851  0.2688564157667635  242.24093461527394 
7.0  2.550568030390903  2.882810260152034  3.209384870079061  0.26885641576675867  242.24076133484238 
8.0  2.55073655811059  2.882979187251489  3.209553295604152  0.26885641576675945  242.24061345046553 
9.0  2.5508803989589457  2.883123368959759  3.209697049241287  0.26885641576676045  242.24048723730633 
10.0  2.5510031703310925  2.8832464312514237  3.2098197461864304  0.2688564157667607  242.24037951760383 
11.0  2.5511079592555  2.8833514684753148  3.2099244715923154  0.268856415766762  242.24028758011826 
12.0  2.551197400237006  2.8834411213826625  3.2100138583637157  0.26885641576675967  242.24020911149273 
13.0  2.551273741652119  2.8835176436802175  3.2100901535121174  0.2688564157667608  242.24014213775388 
14.0  2.5513389023862816  2.883582958802063  3.210155274758355  0.2688564157667574  242.24008497444265 
15.0  2.551394520151595  2.8836387083420925  3.210210858820854  0.26885641576675773  242.24003618409577 
16.0  2.5514419927103815  2.8836862933754257  3.2102583026140445  0.2688564157667573  242.23999453998505 
17.0  2.5514825130484886  2.883726909715197  3.2102987984002564  0.2688564157667604  242.23995899519355 
18.0  2.5515170993881036  2.883761577996563  3.210333363784245  0.26885641576676345  242.23992865623646 
19.0  2.5515466207983453  2.8837911693480605  3.2103628673082287  0.268856415766759  242.2399027605583 
20.0  2.5515718190503676  2.883816427298532  3.2103880502936906  0.2688564157667592  242.23988065733528 
21.0  2.55159332726828  2.8838379864722787  3.2104095454809767  0.26885641576675806  242.23986179109554 
22.0  2.551611685846137  2.883856388543786  3.2104278929366172  0.268856415766759  242.23984568774256 
23.0  2.551627356032143  2.883872095854127  3.2104435536292786  0.26885641576675895  242.23983194262934 
24.0  2.5516407315221543  2.8838855030319506  3.2104569210162373  0.26885641576675745  242.23982021038185 
25.0  2.5516521483544343  2.883896946911692  3.2104683309321307  0.26885641576675434  242.2398101962138 
26.0  2.5516618933547286  2.8839067149986595  3.2104780700289064  0.26885641576675745  242.23980164851582 
27.0  2.5516702113441148  2.8839150526939616  3.210486382979299  0.26885641576676167  242.23979435252915 
28.0  2.5516773112909577  2.883922169461051  3.210493478625068  0.26885641576675734  242.23978812494863 
29.0  2.5516833715617326  2.883928244088979  3.2104995352246144  0.2688564157667595  242.23978280931453 
30.0  2.5516885444027206  2.8839334291847254  3.2105047049319855  0.2688564157667619  242.23977827208068 
31.0  2.5516929597652926  2.8839378550075283  3.2105091176198184  0.2688564157667599  242.2397743992589 
32.0  2.5516967285708945  2.883941632741622  3.210512884142363  0.26885641576675795  242.23977109355343 
33.0  2.5516999454978935  2.883944857289677  3.2105160991206274  0.2688564157667579  242.23976827191757 
34.0  2.551702691360257  2.883947609657114  3.21051884331962  0.26885641576675895  242.23976586346558 
35.0  2.5517050351378567  2.883949958987227  3.210521185677424  0.2688564157667546  242.23976380769267 
36.0  2.5517070357094473  2.8839519642982565  3.210523185037127  0.26885641576676217  242.2397620529539 
37.0  2.551708743331881  2.8839536759661177  3.2105248916251345  0.26885641576676006  242.2397605551676 
38.0  2.5517102009026593  2.883955136989941  3.2105263483129636  0.2688564157667626  242.23975927670685 
39.0  2.5517114450376237  2.88395638407231  3.2105275916942704  0.26885641576675867  242.2397581854551 
40.0  2.55171250699081  2.8839574485413033  3.2105286530041592  0.26885641576675773  242.2397572539984 
41.0  2.551713413439605  2.883958357137511  3.2105295589038607  0.26885641576676167  242.23975645893753 
42.0  2.551714187154949  2.883959132685815  3.210530332150512  0.26885641576675817  242.2397557802996 
43.0  2.5517148475733467  2.883959794668769  3.210530992168853  0.26885641576675967  242.23975520103633 
44.0  2.5517154112851563  2.883960359716031  3.210531555539184  0.268856415766757  242.2397547065961 
45.0  2.5517158924513685  2.8839608420221428  3.2105320364139214  0.2688564157667566  242.23975428455796 
46.0  2.5517163031593313  2.8839612537030868  3.210532446873092  0.2688564157667584  242.2397539243198 
47.0  2.55171665372641  2.8839616051006716  3.2105327972278106  0.2688564157667591  242.23975361683225 
48.0  2.551716952959179  2.8839619050423333  3.2105330962793146  0.26885641576675806  242.23975335437083 
49.0  2.5517172083746376  2.8839621610628803  3.210533351540051  0.26885641576675806  242.23975313034214 
50.0  2.551717426389055  2.8839623795937817  3.210533569422404  0.2688564157667594  242.23975293911852 
51.0  2.5517176124791474  2.8839625661247275  3.210533755399769  0.2688564157667631  242.23975277589625 
52.0  2.55171777131967  2.883962725341549  3.2105339141440723  0.2688564157667572  242.23975263657493 
53.0  2.5517179069008344  2.883962861243908  3.210534049643105  0.26885641576675773  242.23975251765475 
54.0  2.5517180226285587  2.8839629772457966  3.2105341653007264  0.26885641576676106  242.23975241614838 
55.0  2.5517181214100257  2.88396307626128  3.210534264022355  0.2688564157667607  242.23975232950565 
56.0  2.551718205726712  2.8839631607777156  3.2105343482879665  0.2688564157667582  242.23975225555031 
57.0  2.5517182776967227  2.883963232918227  3.21053442021438  0.2688564157667627  242.2397521924244 
58.0  2.5517183391280156  2.8839632944950506  3.2105344816084593  0.2688564157667594  242.23975213854214 
59.0  2.551718391563795  2.883963347055052  3.2105345340124747  0.26885641576676106  242.23975209254996 
60.0  2.551718436321295  2.8839633919185843  3.2105345787428634  0.2688564157667601  242.23975205329256 
61.0  2.5517184745248565  2.8839634302126522  3.2105346169232845  0.268856415766759  242.23975201978365 
62.0  2.5517185071341877  2.8839634628992363  3.210534649512859  0.2688564157667601  242.23975199118158 
63.0  2.5517185349684737  2.8839634907994602  3.2105346773302834  0.26885641576675734  242.23975196676776 
64.0  2.551718558726918  2.8839635146141918  3.2105347010743386  0.26885641576676045  242.23975194592887 
65.0  2.5517185790063692  2.8839635349416843  3.2105347213415047  0.2688564157667602  242.23975192814146 
66.0  2.5517185963162556  2.8839635522925784  3.2105347386409053  0.26885641576675895  242.2397519129587 
67.0  2.5517186110914163  2.8839635671027426  3.2105347534071154  0.2688564157667587  242.23975189999922 
68.0  2.5517186237030227  2.883963579744227  3.2105347660110817  0.26885641576676206  242.23975188893738 
69.0  2.5517186344678855  2.8839635905345906  3.2105347767694234  0.2688564157667567  242.23975187949537 
70.0  2.5517186436564243  2.8839635997448987  3.210534785952397  0.2688564157667603  242.2397518714359 
71.0  2.5517186514994643  2.8839636076065194  3.210534793790687  0.26885641576676145  242.2397518645568 
72.0  2.5517186581940408  2.8839636143169542  3.210534800481206  0.26885641576675645  242.23975185868488 
73.0  2.551718663908318  2.8839636200447676  3.210534806192022  0.2688564157667579  242.23975185367277 
74.0  2.5517186687858344  2.8839636249338403  3.210534811066584  0.26885641576676417  242.2397518493945 
75.0  2.551718672949127  2.883963629106994  3.2105348152273545  0.2688564157667595  242.23975184574294 
76.0  2.551718676502777  2.883963632669064  3.2105348187788514  0.2688564157667614  242.23975184262602 
77.0  2.551718679536064  2.883963635709536  3.2105348218103  0.2688564157667613  242.23975183996552 
78.0  2.551718682125181  2.8839636383047877  3.2105348243978504  0.26885641576676056  242.23975183769454 
79.0  2.551718684335161  2.883963640520004  3.210534826606492  0.2688564157667624  242.23975183575607 
80.0  2.551718686221531  2.883963642410844  3.21053482849172  0.26885641576676117  242.2397518341016 
81.0  2.5517186878316807  2.883963644024806  3.2105348301008916  0.2688564157667595  242.23975183268922 
82.0  2.551718689206049  2.8839636454024307  3.210534831474429  0.26885641576675984  242.23975183148377 
83.0  2.551718690379163  2.883963646578325  3.2105348326468333  0.2688564157667599  242.23975183045474 
84.0  2.5517186913804992  2.8839636475820334  3.2105348336475634  0.2688564157667572  242.23975182957653 
85.0  2.5517186922352098  2.883963648438768  3.2105348345017557  0.26885641576675695  242.23975182882683 
86.0  2.55171869296476  2.883963649170046  3.210534835230863  0.2688564157667619  242.23975182818688 
87.0  2.5517186935874814  2.8839636497942434  3.210534835853208  0.2688564157667602  242.2397518276408 
88.0  2.5517186941190135  2.883963650327035  3.210534836384418  0.2688564157667623  242.23975182717453 
89.0  2.5517186945727164  2.8839636507818125  3.2105348368378457  0.26885641576676395  242.23975182677663 
90.0  2.5517186949599826  2.8839636511699958  3.2105348372248774  0.2688564157667587  242.23975182643693 
91.0  2.551718695290536  2.883963651501333  3.210534837555231  0.2688564157667604  242.239751826147 
92.0  2.5517186955726876  2.883963651784153  3.2105348378372103  0.26885641576675967  242.23975182589956 
93.0  2.5517186958135243  2.88396365202556  3.210534838077902  0.26885641576675817  242.23975182568833 
94.0  2.551718696019095  2.8839636522316177  3.210534838283349  0.26885641576675845  242.23975182550797 
95.0  2.551718696194561  2.8839636524074996  3.2105348384587082  0.2688564157667626  242.23975182535403 
96.0  2.5517186963443335  2.8839636525576275  3.2105348386083894  0.2688564157667611  242.23975182522273 
97.0  2.551718696472183  2.883963652685778  3.210534838736161  0.26885641576675745  242.23975182511057 
98.0  2.551718696581304  2.883963652795158  3.210534838845216  0.2688564157667615  242.23975182501488 
99.0  2.551718696674448  2.883963652888523  3.2105348389383046  0.26885641576675795  242.2397518249332 
