0.0  2.5482314206530448  2.880453693706477  3.2070496790834833  0.2686215682249197  242.24454630287485 
1.0  2.5476686765606686  2.881472269352044  3.2094357679115437  0.2664138779269512  242.24236403452693 
2.0  2.553947965233986  2.8886834529280567  3.218685909301749  0.25361380924325805  242.3052441690327 
3.0  2.5660487617144834  2.9017649847304683  3.233754795385353  0.24213942909614997  242.36418772788213 
4.0  2.5830028958358895  2.9197685854421027  3.2536744073153367  0.23092999485493815  242.419895370453 
5.0  2.603774696368814  2.941703200377984  3.277409393388925  0.2234434641362785  242.47258026676033 
6.0  2.6273551431827995  2.9665970752910393  3.3039545108213817  0.21807895930775778  242.52310341039401 
7.0  2.6526468128238343  2.9934190177631095  3.3322183325295858  0.21273420525949624  242.57198633613015 
8.0  2.6783859593421298  3.0210211824847364  3.361001419055676  0.20743244726793206  242.62023313172793 
9.0  2.7028070564574485  3.0478909246660524  3.389390868382381  0.20216236816718774  242.66875678835063 
10.0  2.7215515888706614  3.0709240254588863  3.4160027407455114  0.19694603071012884  242.71922576339705 
11.0  2.732976153565861  3.087581615176766  3.4371273771186903  0.19174795940840542  242.77563166056257 
12.0  2.7365838690703947  3.0969780314351634  3.451443017492902  0.1866020218346277  242.84013950046437 
13.0  2.7319224503604573  3.0986975582416987  3.4587178915777677  0.1814820102054659  242.91355226707128 
14.0  2.721449384641598  3.093877172289121  3.4565675718904387  0.17640268492285743  242.99718620673335 
15.0  2.709358925304131  3.085941515004892  3.4485159373288186  0.17136659515776437  243.08921742642835 
16.0  2.6971929451137036  3.077389613016437  3.4404015487066046  0.16636573527349913  243.1858035441604 
17.0  2.685255820868002  3.068830880412595  3.4325400505898416  0.16139166514814834  243.29007487283442 
18.0  2.67320616858762  3.0600606710671654  3.4245435614251543  0.15645534830941824  243.3975403484183 
19.0  2.6605367179648276  3.050585613419617  3.4158611520011952  0.15154339566954003  243.5083003220021 
20.0  2.6467010109770213  3.0399264151664456  3.4060302661872006  0.14666588055219915  243.62323512091035 
21.0  2.6312947805407854  3.027674654551908  3.394630699253538  0.1418031294906219  243.74320281735075 
22.0  2.61408446480524  3.013590016589805  3.3814449630642383  0.13696145468473533  243.8692527333155 
23.0  2.59496855808044  2.9975660553145818  3.366369453340251  0.13214091201776634  244.00207587786588 
24.0  2.5739550353231544  2.9796109994548687  3.3493982938657894  0.12731320458910403  244.14234509966062 
25.0  2.551140394369495  2.9598193525206247  3.3306385622016688  0.12248471032058317  244.29094022011435 
26.0  2.526661959499223  2.9383005328730696  3.3102337108990176  0.117643270331065  244.39894322328615 
27.0  2.5006804075465396  2.9152447303942726  3.2883274744328497  0.1127661153527098  244.43542930947697 
28.0  2.473386863529899  2.8908528239192623  3.2651111007561173  0.1078403760755699  244.47504306085767 
29.0  2.444978796335428  2.8653269148534477  3.2408042411064337  0.10284613480910682  244.5174525507046 
30.0  2.41565715438055  2.838873677367965  3.215588056334533  0.09773575995520022  244.56229991109055 
31.0  2.3856227378919885  2.8116994690659265  3.189660839432956  0.09238059873633517  244.6093475344256 
32.0  2.355058701164575  2.7839894223020716  3.163205871993552  0.08673080632591754  244.65829248124246 
33.0  2.3241227993895333  2.7558996864130085  3.1364031929718448  0.08076450720661997  244.70877297815062 
34.0  2.292937276681195  2.727549110154834  3.109353098430869  0.07446172400803569  244.7605904676028 
35.0  2.2615876987849637  2.6990180332523632  3.082140900052643  0.0678269109000452  244.81368328930108 
36.0  2.2301241323088705  2.670353226934128  3.054816784441423  0.06107434644957034  244.8679341950539 
37.0  2.1985951189060824  2.6416059928547373  3.027442330105317  0.05432178199909548  244.92316636769593 
38.0  2.1670677513406034  2.6128440729946565  3.0000796090499287  0.04756921754862053  244.97940629609897 
39.0  2.135599168713227  2.5841301803152223  2.9727779225875426  0.04081665309814565  245.03650849250405 
40.0  2.1042577749159572  2.555531496636851  2.945605812984556  0.03406408864767071  245.09418281313785 
41.0  2.073087215080148  2.527097996887507  2.9186104406798847  0.027311524197195885  245.1525073781573 
42.0  2.042142220848099  2.4988849522613714  2.891858683449452  0.02055895974672095  245.2113083523222 
43.0  2.0114693218728563  2.4709406804642713  2.8653862863021353  0.01380639529624601  245.27033260983012 
44.0  1.9811083945046823  2.443307334419908  2.8392286921279015  0.007053830845771132  245.3296553106385 
45.0  1.9508785786961058  2.415668541641785  2.8134209519107896  0.004166666666666667  245.38909880902546 
46.0  1.9200219230346414  2.387309973518528  2.7871487276432814  0.004166666666666667  245.4507391689369 
47.0  1.8883882847149651  2.3581895871313017  2.7601067822047622  0.004166666666666667  245.51571971422104 
48.0  1.856398067022408  2.328751139965466  2.732744844055628  0.004166666666666667  245.58277859071498 
49.0  1.8243843456429563  2.299301260713434  2.7053603163158955  0.004166666666666667  245.651178357552 
50.0  1.7925561246631128  2.2700481588248125  2.6781625854515614  0.004166666666666667  245.72045671782138 
51.0  1.7610520479200977  2.2411299155619484  2.6512905665537145  0.004166666666666667  245.78994755206122 
52.0  1.7299610732925708  2.2126351025889304  2.6248334103514477  0.004166666666666667  245.85966906268646 
53.0  1.6993311716025143  2.1846177234939717  2.598845511771966  0.004166666666666667  245.92920992000288 
54.0  1.6691829612257463  2.157107957170559  2.573370047775324  0.004166666666666667  245.9985240066164 
55.0  1.63954664093717  2.1301198105892865  2.54841123803762  0.004166666666666667  246.0676054526787 
56.0  1.6104254598062884  2.103656512691497  2.5239696862307777  0.004166666666666667  246.13612402238425 
57.0  1.5818156095967764  2.077714272295794  2.500041643982369  0.004166666666666667  246.20434978705975 
58.0  1.5537088203140184  2.052284863429  2.4766188898392096  0.004166666666666667  246.27206301264044 
59.0  1.5260941220791049  2.027357379693295  2.453690495614236  0.004166666666666667  246.3392732372865 
60.0  1.498954442739379  2.0029194067801335  2.431244007386748  0.004166666666666667  246.40613685997542 
61.0  1.4722662106990603  1.9789577926429216  2.409276680631679  0.004166666666666667  246.4723308700767 
62.0  1.446024095210617  1.955456864789056  2.3877696300634716  0.004166666666666667  246.53811843136197 
63.0  1.4202109500288298  1.9323994802408189  2.366700595455469  0.004166666666666667  246.60352638700937 
64.0  1.3948180366145253  1.909772735808812  2.3460544425012984  0.004166666666666667  246.66826126644455 
65.0  1.369835271631747  1.8875665987154122  2.3258210812313256  0.004166666666666667  246.73264847316895 
66.0  1.3452555316140977  1.8657715207213035  2.305989785915232  0.004166666666666667  246.79660133941164 
67.0  1.3210662746446193  1.8443774893533393  2.286551612969625  0.004166666666666667  246.8598969682053 
68.0  1.2972556428311044  1.8233727642912316  2.2674982867517626  0.004166666666666667  246.92282911490423 
69.0  1.2738115412947495  1.802746188103509  2.248827008989641  0.004166666666666667  246.98531441535286 
70.0  1.2507088681021596  1.7824871153403479  2.2305152020302947  0.004166666666666667  247.0471447239748 
71.0  1.2279526550760902  1.7625853612244082  2.21255260805478  0.004166666666666667  247.10861268695018 
72.0  1.2055330194974891  1.7430311628686086  2.194929391895311  0.004166666666666667  247.16967971574132 
73.0  1.1834404675521009  1.7238151485874231  2.1776361102315436  0.004166666666666667  247.23004427123163 
74.0  1.1616658687996138  1.704928312541425  2.160663686171574  0.004166666666666667  247.2900461697067 
75.0  1.1402004342739105  1.6863619930037586  2.14400338748749  0.004166666666666667  247.34968546949503 
76.0  1.1190356971454525  1.6681078531874334  2.127655263379164  0.004166666666666667  247.4086418100349 
77.0  1.0981634952781922  1.6501578639712446  2.1116100073271142  0.004166666666666667  247.4671746214253 
78.0  1.0775759552580335  1.6325042881049396  2.095852677188618  0.004166666666666667  247.52534389786544 
79.0  1.0572654776176362  1.6151396656211323  2.0803757438468082  0.004166666666666667  247.5829869991108 
80.0  1.0372247230716611  1.5980568002701507  2.0651719425225723  0.004166666666666667  247.64004814273773 
81.0  1.0174465996306117  1.5812487468477996  2.050234260132265  0.004166666666666667  247.6967448189473 
82.0  0.9979242504946091  1.5647087993190267  2.035555923446258  0.004166666666666667  247.7530768173803 
83.0  0.9786510426490983  1.548430479661204  2.021130387971892  0.004166666666666667  247.8087248163528 
84.0  0.9596112577485909  1.5324075273642148  2.0069619727283294  0.004166666666666667  247.863947756962 
85.0  0.9408072362075555  1.516633889533762  1.9930391959701523  0.004166666666666667  247.91880529838275 
86.0  0.9222339976610352  1.5011037115509436  1.9793509678979906  0.004166666666666667  247.97327247796449 
87.0  0.9038857102395561  1.485811328246125  1.9658915594355406  0.004166666666666667  248.02702248274494 
88.0  0.8857567176542336  1.4707512555492854  1.9526554236118572  0.004166666666666667  248.08040677731543 
89.0  0.8678407787353164  1.4559179505760453  1.9396371877262177  0.004166666666666667  248.13342520548085 
90.0  0.8501104645573756  1.4412992677900567  1.9268313288163965  0.004166666666666667  248.18605177051208 
91.0  0.8325734049607143  1.4268881029396339  1.9142236196834554  0.004166666666666667  248.238017195969 
92.0  0.8152301481980666  1.4126851047868378  1.9018256340877806  0.004166666666666667  248.28963859273998 
93.0  0.7980781842429887  1.3986879385251103  1.8896295531628817  0.004166666666666667  248.34090384722316 
94.0  0.7811137390503295  1.3848930447635606  1.8776265733163715  0.004166666666666667  248.39180773637025 
95.0  0.7643325618671805  1.3712964111195711  1.865812646274381  0.004166666666666667  248.44203881177611 
96.0  0.7477302639582933  1.3578939043264406  1.8541835975349181  0.004166666666666667  248.49184936577893 
97.0  0.7313125911138488  1.3446842452922483  1.8427352701256947  0.004166666666666667  248.5412963220931 
98.0  0.7150704634208825  1.3316646646241068  1.8314674127681272  0.004166666666666667  248.59035836858064 
99.0  0.6989967891378831  1.3188290791543844  1.820374104385942  0.004166666666666667  248.6389266281348 
