0.0  2.4791553367010164  2.849523415339458  3.1473263676679224  0.3960580675979517  242.0048153873067 
1.0  2.409482397931017  2.7848572488907486  3.0869722693446335  0.39428798935863163  242.104776289983 
2.0  2.341372936983031  2.72029530336774  3.0252227253653645  0.39409742627307753  242.1987977978816 
3.0  2.275393743423428  2.65755272523432  2.965015029027007  0.39390955119333015  242.2925448489515 
4.0  2.211435679240947  2.5968388624833114  2.9068324556239045  0.39372370539468304  242.38556557986726 
5.0  2.1493922933265424  2.538047079900475  2.8505670548690825  0.3935399799395937  242.47787765614765 
6.0  2.088111634000001  2.480583004006271  2.7961154065587883  0.3933584778094229  242.56942966374413 
7.0  2.027415715208774  2.423835336370646  2.7424819067874147  0.39318091513791764  242.66105861540152 
8.0  1.9687086257358017  2.3683712918140665  2.689513177047397  0.39300782791727257  242.75291887008132 
9.0  1.911855205879813  2.314768672103103  2.6384011018858944  0.3928371285310715  242.84381465963142 
10.0  1.8567026867140197  2.262888372873624  2.589018666036499  0.3926689767962533  242.93390058163078 
11.0  1.8030473153947917  2.212560355725133  2.5412253324594642  0.3925035991583623  243.02314599529402 
12.0  1.7497681169067447  2.1631622653089484  2.494839230292753  0.3923413717250826  243.1117288109132 
13.0  1.6969675079226076  2.1142388677460495  2.4489120420230335  0.39218472722471887  243.20054845837925 
14.0  1.64576627697643  2.0663605747086033  2.403529548178599  0.3920338686112533  243.28941861161218 
15.0  1.5960467753139989  2.0199985606073376  2.359687345128249  0.39183017556965183  243.37784153066244 
16.0  1.5477008104923264  1.9750309742393142  2.317252137100548  0.3915987891439179  243.4656485752692 
17.0  1.500625943701153  1.9313403603765102  2.2760868882415948  0.3913739906733831  243.55269672836786 
18.0  1.453924700504837  1.8884554875964477  2.2360978701818257  0.3911563145681231  243.6390946838949 
19.0  1.4075010609037675  1.8459354071532563  2.1965379623675734  0.39095031249403095  243.72547216614427 
20.0  1.362352768798415  1.8041998369289214  2.1573268688969085  0.3907574250486534  243.81199488369867 
21.0  1.3183182774697153  1.7635906673992063  2.1192389408778904  0.39060541066698184  243.89755720556255 
22.0  1.2753010816641541  1.723989170378171  2.0821299263239856  0.39049646872218674  243.98211682310597 
23.0  1.2332242765663932  1.6853341762748486  2.045959860675029  0.3903940894069788  244.06611275293366 
24.0  1.191809513363979  1.6474584137712036  2.010659706393008  0.3902988559474887  244.14957253601727 
25.0  1.1499520894404787  1.6097219594906607  1.9759991076020258  0.39021234728289494  244.23260826572704 
26.0  1.1091922558697869  1.5723722149461985  1.9410882209339768  0.3901404789266593  244.3163777958834 
27.0  1.0694183430562885  1.536014139403897  1.9071615007111968  0.39007707129673713  244.3994023316492 
28.0  1.0305338998980238  1.5005510224588898  1.8741215510757525  0.3900230507842927  244.48162039022415 
29.0  0.9924555979415646  1.4658992604659926  1.8418840721098382  0.3899794236119291  244.5632341218319 
30.0  0.9549968637304568  1.4319328855700457  1.8103759494541043  0.38994728829383  244.64429363702035 
31.0  0.9177643775632989  1.3983862103215305  1.7794432493118097  0.3899286362172819  244.7248227727282 
32.0  0.8802928955919843  1.3648733523376857  1.7487709606323023  0.38992742419573323  244.80529144079233 
33.0  0.843633689903514  1.33169221941778  1.7179922262924037  0.3899492115986214  244.88615739655813 
34.0  0.807696025903262  1.29923597499841  1.6879269676400097  0.3899879338653392  244.96626840677754 
35.0  0.7724025278275569  1.2674265827696392  1.658495882400495  0.3900456748881847  245.04570459274407 
36.0  0.73768673257712  1.236196793492554  1.6296304551415075  0.3901247722196626  245.12457191679755 
37.0  0.7034909554933766  1.2054879793046671  1.6012707080452442  0.39022786992503516  245.20287922619383 
38.0  0.6697644261084621  1.1763079501185134  1.5733632695675  0.39035798405365657  245.28053602133747 
39.0  0.6410564606334759  1.1550628957934348  1.5566984550056608  0.38536977772861114  245.39549481945008 
40.0  0.6189548612858602  1.1402333763651593  1.5472477512335003  0.3789429077189244  245.51666405870722 
41.0  0.5994974465093814  1.1279062837666454  1.5400544573958288  0.3739093596354667  245.62109439467602 
42.0  0.5825927624965815  1.1171965370908836  1.5337505509387195  0.36947042930022544  245.71854479848187 
43.0  0.567056921033759  1.1075611852231777  1.5282172497078785  0.3656084935833493  245.8092209443143 
44.0  0.5512014927398509  1.0980940618594044  1.5231243055759676  0.3620630548628372  245.8961545292818 
45.0  0.5364504849273448  1.0891078068373616  1.5180791790394434  0.3584720015968218  245.98412995107682 
46.0  0.5223157656949802  1.0806182664803576  1.5133832639822973  0.35513755592778734  246.06915813551558 
47.0  0.5082374764800217  1.0723168981761906  1.5089165140153988  0.3519545954476519  246.15240649207573 
48.0  0.49384913520614315  1.0639682542384514  1.5045577164989654  0.3488039003379406  246.23556959956431 
49.0  0.4802637509977788  1.0559787240410738  1.5002405698080916  0.34561292592987963  246.31970430622027 
50.0  0.46700529523695045  1.0483022158516508  1.4961681519330958  0.34260915269272296  246.4014933968134 
51.0  0.4528037394843023  1.0403665500187096  1.4922437980157952  0.3396943491928474  246.48231420678403 
52.0  0.4395639570711113  1.032766378745489  1.4882532652777298  0.3366137579792426  246.56586262843243 
53.0  0.4268042917755725  1.0255483568784391  1.4845143720360947  0.3337504673489632  246.64659365139946 
54.0  0.414329208742304  1.0185715639578108  1.4809358412148235  0.33100622373528116  246.7258002760664 
55.0  0.4008313870884979  1.0112999310270516  1.4774876589979584  0.3283377535271513  246.8041897651213 
56.0  0.38836382873836856  1.0043977429048443  1.4739961428924782  0.32548938092500895  246.8854975545734 
57.0  0.37635851943076715  0.9978460265264544  1.470728504996937  0.3228665652782536  246.96359652343054 
58.0  0.364585319941278  0.9914937513775369  1.46758763801832  0.32034464815053876  247.04044980522156 
59.0  0.3516766250462304  0.9847891473342718  1.4645456944070403  0.3178895785183393  247.11655635385102 
60.0  0.33975083217403396  0.9784212787686734  1.4614457422821474  0.315244205786903  247.19576528090926 
61.0  0.32819838651964095  0.9723590698750434  1.4585317023638171  0.31281038749418294  247.2718617344443 
62.0  0.31685381956251585  0.966474373507279  1.455725214533361  0.31047202926099954  247.3467337176881 
63.0  0.3042610257648193  0.9601998097500347  1.4530025702474947  0.3081955174871979  247.42087017040006 
64.0  0.2928465052683174  0.9543300116356326  1.4502317694059617  0.3057203257634108  247.49825926702462 
65.0  0.28186158590280125  0.9487797015853308  1.4476336537810217  0.3034850398966966  247.5719922598993 
66.0  0.27107915413684425  0.9433997127028196  1.4451323115957926  0.3013507788697202  247.64433352487828 
67.0  0.2590334616034607  0.9376560738088429  1.44270178246966  0.2992782826056585  247.71587456302203 
68.0  0.24815708392663055  0.9323093685732774  1.4402505184521326  0.29704542602792844  247.7901336053163 
69.0  0.23774217424101157  0.9272551755970558  1.4379292473683443  0.29502574736551607  247.86098873997068 
70.0  0.22743463246051268  0.9222937119450669  1.4356811940106629  0.2930976345471798  247.9305262338423 
71.0  0.21679931410827666  0.9172501349113402  1.4334731143086583  0.29117647481927744  248.00009140617075 
72.0  0.20515735186528208  0.9118672989047256  1.431289044688999  0.28920932931439525  248.07054749111202 
73.0  0.19470392864211117  0.9068945932779012  1.4291050439968294  0.2870959375279023  248.14345784739695 
74.0  0.18462756947752523  0.9021974066102209  1.4270223805629776  0.28519252475816675  248.21298529917752 
75.0  0.17475093421926657  0.8976433104596981  1.425005275520054  0.2834056577136554  248.2807246428121 
76.0  0.16403310404296925  0.8927901377163192  1.4230311427254678  0.28166218407017113  248.3478587557362 
77.0  0.1536581188332453  0.8879883100628442  1.4210620647145018  0.27977183605843686  248.4175554782494 
78.0  0.14425503784395985  0.88349036290018  1.419136550378024  0.27790571425551863  248.48686382235243 
79.0  0.13542663890007792  0.8791325171621781  1.417267991486595  0.2761694522899705  248.55404318762922 
80.0  0.1271552264545462  0.8748219324582819  1.4154377777401956  0.2744751984975228  248.62062086656175 
81.0  0.11734216195366615  0.8699618978705596  1.413639459443086  0.27278006051340686  248.6873137496675 
82.0  0.10808802318193148  0.8650948833286348  1.4118538082650947  0.2708034117109415  248.75891063309527 
83.0  0.09913870698808631  0.8604053041101655  1.410112407488375  0.26876157711820275  248.83163174627933 
84.0  0.09067918632901782  0.8557932957995199  1.4084271180836536  0.2668030648580124  248.90301046718372 
85.0  0.08200678295587631  0.851138649779259  1.4067891988620522  0.2648541903168461  248.97437502406567 
86.0  0.07193898034889065  0.8458564555630894  1.405200316205252  0.2628680660237633  249.04653756500343 
87.0  0.06344224453299323  0.8411224365518372  1.403684557960434  0.2605713575040091  249.12418088395822 
88.0  0.05522057575147011  0.8365723271181964  1.402210077051514  0.2585475298914175  249.19711022389015 
89.0  0.046996687151160274  0.8320552426241207  1.4007836503775264  0.2565688413924467  249.26941141716796 
90.0  0.037664417814026976  0.8270845189306758  1.3994108631543254  0.2545818781446979  249.3420150172734 
91.0  0.02799015016248541  0.8219958039111654  1.398139332125663  0.252303877525341  249.41897503573983 
92.0  0.019050935905159216  0.8172902589532652  1.396952616690795  0.2498953280984657  249.49703263205225 
93.0  0.009950268767591952  0.8126598778028057  1.3957987385258066  0.24764483393765788  249.57247873506316 
94.0  0.0  0.7895100520004538  1.3947089567013433  0.24540000425341227  249.64800959125586 
95.0  0.0  0.7817655538975702  1.4077492014816024  0.22173443595079154  250.11222324706296 
96.0  0.0  0.8059284448758683  1.4599658488209017  0.19721833256308732  250.51850707079146 
97.0  0.0  0.7935957693035788  1.4388890458082688  0.20541172548659906  250.42821903058115 
98.0  0.0  0.7999339513802459  1.4556859499119104  0.19697001405330872  250.5940016973995 
99.0  0.0  0.7969399504965304  1.453544672953743  0.19684585747960243  250.63171922563808 
