0.0  2.5482314206530448  2.880453693706477  3.2070496790834833  0.2686215682249197  242.24454630287485 
1.0  2.548654285068098  2.8810218605146787  3.207717089537515  0.26862976719145504  242.24236403452693 
2.0  2.54958099465702  2.882023309949281  3.2088880363182484  0.2674762418727812  242.24718722669996 
3.0  2.5509376114453164  2.883455943466389  3.2104886240138826  0.26632694559818554  242.25164130853778 
4.0  2.552658212369482  2.885254416245768  3.2124529683749334  0.2651815806516233  242.25577988275026 
5.0  2.554690808793472  2.8873653924470424  3.2147291117145893  0.26404009984514387  242.2596510251686 
6.0  2.556990889560237  2.8897442720155664  3.2172725694904187  0.26290367215803523  242.26329269897752 
7.0  2.559516474638519  2.8923500327806115  3.2200414605663825  0.2617700068196688  242.2667375192658 
8.0  2.562230717175111  2.895146898861932  3.223001101534293  0.26064326049925  242.2700163762634 
9.0  2.565106289149808  2.8981059324161724  3.226123335657108  0.2595190923698754  242.27315596805846 
10.0  2.568120501694794  2.9012037869154446  3.2293841502212537  0.2584010579677365  242.2761771002272 
11.0  2.5712478332149775  2.9044165649934452  3.232758033013496  0.25728796493784456  242.27909657492188 
12.0  2.574472228130112  2.9077266013792364  3.23622893446018  0.2561787830855182  242.28193345517707 
13.0  2.577780384364326  2.9111204513194515  3.2397835574205622  0.25507637961960855  242.28469968337194 
14.0  2.5811586075116932  2.914585024491545  3.243408212582657  0.2539795470167379  242.28740516303162 
15.0  2.5845933152878686  2.9181067221503803  3.2470893227507793  0.2528878428002849  242.29006015063754 
16.0  2.588071402949187  2.9216720529858575  3.2508137881755252  0.25180794173760696  242.29264172859774 
17.0  2.5915866798780125  2.925274560866348  3.254575420566784  0.25073590977107674  242.29518842581405 
18.0  2.595129159059784  2.9289056645810687  3.258364236664976  0.2496708793714732  242.2977093209264 
19.0  2.5986947006041423  2.9325600326776766  3.2621760981791237  0.2486126024682882  242.30021199923775 
20.0  2.60228087994324  2.9362351452878266  3.2660085814631725  0.2475615708994186  242.30269958133405 
21.0  2.6058862712819555  2.9399298960117477  3.269860261241113  0.24651471632319916  242.30519339619164 
22.0  2.609506116989246  2.943640014399026  3.2737263816914908  0.24547457026043173  242.30768303758975 
23.0  2.613139264954608  2.947363314163415  3.277605791164132  0.24444300781190245  242.3101641358544 
24.0  2.6167847341208255  2.95109881149138  3.28149750897374  0.24342172240486623  242.3126375489888 
25.0  2.6204351468356917  2.954840848434872  3.285394160284152  0.242410434951776  242.31510400656828 
26.0  2.624090654190094  2.95858786589001  3.2892958961593997  0.2414094744719506  242.31756919545498 
27.0  2.6277514907562347  2.962340070955494  3.2932029510834715  0.2404215746172421  242.32003299012587 
28.0  2.631413435693135  2.966094397195572  3.297111105837436  0.23944669171670743  242.32249519974627 
29.0  2.635075073521137  2.969848851015823  3.3010189455050076  0.23848674975968523  242.32495909447394 
30.0  2.6387374404441375  2.9736038805062073  3.304927505903754  0.2375436927883541  242.32742577654318 
31.0  2.6423986908964943  2.977358348548189  3.308834942184569  0.23660735149694656  242.32989444390495 
32.0  2.6460560365922543  2.981109777746979  3.312738467151718  0.23609831104905377  242.3323665373978 
33.0  2.6497110486194546  2.9848582573449614  3.316639651304683  0.23564438525648843  242.33484423975253 
34.0  2.65335831510236  2.988599409311672  3.3205330848837664  0.23519178395730034  242.33729493777838 
35.0  2.6569935304849657  2.9923297489401586  3.3244144640208457  0.23473918265811322  242.3397468659409 
36.0  2.660619479260153  2.9960506416104504  3.3282865721547346  0.23428658135892777  242.34221074289317 
37.0  2.664237886468167  2.9997639947700256  3.332151133838117  0.2338339800597419  242.3446844208206 
38.0  2.6678438666407893  3.0034666148979072  3.3360032663343997  0.23338137876055556  242.34716657386423 
39.0  2.6714393692310274  3.007158886977994  3.339844918118967  0.23292877746136595  242.34966106245426 
40.0  2.6750259633367572  3.010842411083321  3.3436776576029663  0.23247617616218316  242.3521663897194 
41.0  2.6785984573472588  3.0145136385231077  3.347496295098398  0.23202357486299416  242.35468135168335 
42.0  2.682159068748809  3.0181730998425165  3.3513030472086283  0.23157097356380782  242.3572100665788 
43.0  2.685709797608084  3.021822761423246  3.355099913154186  0.2311183722646225  242.3597508259822 
44.0  2.689245517642668  3.025459225993367  3.3588822027660967  0.2306657709654362  242.3623020856918 
45.0  2.6927685132172186  3.0290831001408214  3.362652147592972  0.23021316966624786  242.36486792896233 
46.0  2.6962807086275804  3.03269629340018  3.3664112864215285  0.22976056836705988  242.3674465917171 
47.0  2.6997770992768246  3.036295507900282  3.370154616383081  0.2293079670678756  242.37003658738553 
48.0  2.7032608025892135  3.0398819286853143  3.373885253453663  0.22885536576868876  242.37264191936893 
49.0  2.706731679956204  3.043456265456558  3.37760306015744  0.22840276446950325  242.3752601588232 
50.0  2.7101873805735583  3.0470163324825155  3.3813056849230914  0.22795179966803097  242.3778914548128 
51.0  2.713625858875173  3.050560263897572  3.384991089322115  0.22750096611485515  242.38052862699487 
52.0  2.7170477684442407  3.0540881275721157  3.388659921935659  0.22705013256168  242.383181834478 
53.0  2.720450328853542  3.0575981503761245  3.3923094030917347  0.2265992990085051  242.38585119389847 
54.0  2.723836965187342  3.061092212802974  3.3959429559676364  0.22614846545532996  242.38853897653868 
55.0  2.7272057846558653  3.064569682206127  3.3995586890100653  0.2256976319021545  242.3912425020477 
56.0  2.730556788799084  3.06803010981929  3.4031566033688416  0.22524679834897848  242.39396333521785 
57.0  2.733892575868609  3.071475488253137  3.406739296794781  0.22479596479580446  242.3967015299276 
58.0  2.7372074405322016  3.0749022538025232  3.4103010742623905  0.22434513124262767  242.39945505666645 
59.0  2.7405039744646533  3.0783109471114667  3.413844521506954  0.22389429768945407  242.40222854778767 
60.0  2.74378083952693  3.081701338441789  3.4173683000236346  0.2234434641362772  242.4050199838276 
61.0  2.747037668340761  3.0850724465310373  3.4208720384081945  0.22299263058310018  242.40783050074424 
62.0  2.7502760519035414  3.088425722590986  3.4243573302900723  0.2225417970299264  242.4106604573932 
63.0  2.753493785611121  3.0917597564785804  3.4278219756361312  0.22209096347675245  242.41350863358102 
64.0  2.756690171800298  3.09507367728443  3.4312652885606916  0.22164012992357593  242.41637687128005 
65.0  2.7598644596848225  3.09836688973355  3.4346865061894496  0.2211892963704022  242.4192658021354 
66.0  2.7630166435187125  3.101638297363063  3.438085615600687  0.22074311752444747  242.42217610417498 
67.0  2.766143226554004  3.1048851567146127  3.441459127414493  0.22029909115500096  242.42508107297795 
68.0  2.7692397468132084  3.108103958196336  3.444802606933057  0.2198550647855514  242.4279979375647 
69.0  2.7723078772490686  3.1112952219943057  3.448117707771528  0.21941103841610196  242.4309427795194 
70.0  2.775347185408882  3.1144592208606077  3.451403993711431  0.21896701204665542  242.43391433431407 
71.0  2.7783595900589546  3.117596707959797  3.4546633726862277  0.21852298567720801  242.4369130481655 
72.0  2.781341711467566  3.120706632613442  3.457892537770781  0.21807895930775759  242.43993745058685 
73.0  2.78429345694705  3.1237873030758396  3.4610913364486295  0.21763493293831074  242.44299039509798 
74.0  2.7872177735731  3.1268410984613006  3.464262709784943  0.21719090656886086  242.44607206004804 
75.0  2.790110403529454  3.1298658560459716  3.46740246279258  0.21674688019941346  242.44918013406527 
76.0  2.792972971947715  3.1328614703022444  3.4705122126714834  0.21630285382996411  242.45231820662391 
77.0  2.7958035056565205  3.1358273698042693  3.473589949116484  0.215855577189913  242.4554850526134 
78.0  2.7986044634040907  3.1387650444110466  3.476638191687231  0.2154062723885743  242.4587015523565 
79.0  2.801376499794208  3.141675771551357  3.4796576426574584  0.2149569675872395  242.4619586608538 
80.0  2.804116691425552  3.144556532505497  3.4826452607026273  0.21450766278590386  242.46524401189197 
81.0  2.806827354820701  3.1474086351335453  3.485603570856117  0.2140615582077018  242.46856012751275 
82.0  2.8094971556974637  3.1502236343312853  3.488521181027099  0.21361910722496466  242.47188642378958 
83.0  2.812129129216821  3.1530009847988874  3.4914010364280452  0.21317665624223076  242.47522965892657 
84.0  2.8147165631388447  3.1557377344451174  3.4942368842926212  0.21273420525949358  242.47860888210315 
85.0  2.817262683252176  3.1584342959213645  3.4970314558071514  0.21229175427676011  242.48202981129015 
86.0  2.8197654104043126  3.1610900793575425  3.499783402252854  0.21184930329402465  242.48548992961136 
87.0  2.8222219214626576  3.1637027677789735  3.5024894508316002  0.21140685231128953  242.48899112702034 
88.0  2.824634680628075  3.166273023503001  3.505152716423943  0.21096440132855854  242.49253592637817 
89.0  2.8269972478722094  3.168797505727931  3.5077666432709647  0.21052195034582297  242.49612244829765 
90.0  2.8293116867705925  3.1712755097011223  3.5103340645671994  0.21007949936308531  242.49975625547293 
91.0  2.8315750088816505  3.1737059225843427  3.512851758526278  0.2096370483803515  242.50343581802096 
92.0  2.8337845771986783  3.176085884559068  3.5153194572204702  0.2091945973976164  242.5071638392362 
93.0  2.8359420557478745  3.1784160342344525  3.5177450031519406  0.20875214641488227  242.51094274515071 
94.0  2.8380390619450684  3.1806910547547704  3.5201180963872303  0.20830969543214756  242.51477135701785 
95.0  2.8400812058389118  3.182912491990022  3.522439125032564  0.2078682880064918  242.51865696365186 
96.0  2.8420563542145056  3.185072976539837  3.524701466101399  0.20743244726793414  242.52258882518117 
97.0  2.843965705376648  3.187169501451624  3.526903319570476  0.2069966065293744  242.52655025020016 
98.0  2.8458003845507296  3.1891976005874594  3.5290388798409156  0.20656076579081478  242.53057383659876 
99.0  2.847562957888199  3.1911568555733365  3.5311184683936285  0.20612492505225463  242.53466740639143 
