0.0  2.548231420653044  2.880453693706476  3.2070496790834815  0.2686215682249185  242.24454630287485 
1.0  2.542007336591416  2.8772669808641074  3.2064065887592292  0.26885641576676134  242.30764095951858 
2.0  2.5289443528539084  2.8672236150998143  3.1989530326943845  0.268856415766763  242.37838091705834 
3.0  2.5100049414446173  2.8513168316858155  3.185667911016085  0.26885641576675806  242.45416491102847 
4.0  2.4860289555067996  2.8303780422066036  3.1673739462094503  0.26885641576676167  242.5342985695336 
5.0  2.4577699464059  2.805145270391619  3.144797260672034  0.26885641576676284  242.61819331573395 
6.0  2.425882922304223  2.776274982388872  3.1185962077194302  0.2688564157667591  242.70533395037418 
7.0  2.3909325531766887  2.7443375358844637  3.089338269914949  0.2688564157667602  242.7952818509674 
8.0  2.353408792873078  2.7098259846195254  3.0575160356548037  0.26885641576676106  242.88766513168707 
9.0  2.313690032128844  2.673141781346821  3.023558621408549  0.2688564157667602  242.98216463946872 
10.0  2.272162791395858  2.6346489956727037  2.9877993763994346  0.26885641576676605  243.07847937541126 
11.0  2.229127019500825  2.594674214179597  2.9505770891623095  0.2688564157667612  243.17640321061256 
12.0  2.1848659953136296  2.5534890820635603  2.9121558872300994  0.2688564157667584  243.27575841510335 
13.0  2.139647277838744  2.5113495596715674  2.8727843071923678  0.2688564157667595  243.37636172645537 
14.0  2.093704085028415  2.46848979639067  2.8326959653224377  0.2688564157667637  243.47794634095345 
15.0  2.0472391312115086  2.425113357291059  2.792093958763824  0.26885641576676156  243.5804317431115 
16.0  2.000423143114098  2.381393943338258  2.75115423960718  0.26885641576676095  243.6836848024735 
17.0  1.953358681989219  2.3374547245225945  2.710024585486893  0.2688564157667598  243.7875312133623 
18.0  1.906185338222549  2.2934124102676643  2.6687950164444407  0.2688564157667605  243.8919004948401 
19.0  1.859028117942122  2.249390121966652  2.62758511773385  0.2688564157667624  243.99674192961993 
20.0  1.8119542116487382  2.205480911488601  2.5865011449855864  0.2688564157667638  244.1019269154814 
21.0  1.7650413727757992  2.161749840923893  2.5456008353110646  0.2688564157667646  244.2073478039194 
22.0  1.7183683887364325  2.1182674184182004  2.504949821869186  0.2688564157667606  244.31302703648907 
23.0  1.672000498332339  2.075099418025503  2.4646137087371844  0.26885641576676317  244.4188818117853 
24.0  1.6259910590349487  2.0322997137430985  2.424646231806095  0.26885641576675945  244.52475496673745 
25.0  1.580336419058559  1.9898862515257487  2.3850907672330948  0.2688564157667599  244.63070628842317 
26.0  1.5350735507115747  1.9478774072755338  2.3459445601311293  0.2688564157667617  244.73673586238064 
27.0  1.4902378798564997  1.9063061477559917  2.3072406478493956  0.26885641576676234  244.84267034623196 
28.0  1.4458566422702412  1.8652011010866445  2.269003079000967  0.2688564157667607  244.94860189520094 
29.0  1.4019492343696818  1.8245830101527778  2.2312525792943387  0.26885641576676217  245.0544982694485 
30.0  1.3585191005292667  1.7844666941149074  2.1940039207821367  0.26885641576676467  245.1602097668918 
31.0  1.3156129130410599  1.7448901281581353  2.157297827902779  0.26882695032615705  245.2660336672798 
32.0  1.2732515288588495  1.7058713699802983  2.121151295639343  0.2687813056458536  245.37184789990658 
33.0  1.2314021110621238  1.6673908743667936  2.085556639950445  0.2687371050735701  245.47738897946294 
34.0  1.1900332352806073  1.6294190545930658  2.0504858196595177  0.2686944775661206  245.58273738170422 
35.0  1.149155578301089  1.5919468459156385  2.0159122297610237  0.2686535675333328  245.6879562262113 
36.0  1.1087652995930688  1.554977129083676  1.9818419507737293  0.26861451052993474  245.79294389594963 
37.0  1.0688544459140201  1.5185047838602228  1.9482697165568552  0.268577451215726  245.89769348132813 
38.0  1.0294134542942692  1.4825211285055735  1.9151870605914079  0.26854256071985116  246.00227552347675 
39.0  0.990431423702907  1.447016218219556  1.8825842872556613  0.268510033857446  246.10664736644776 
40.0  0.9518963313668843  1.4119790721941217  1.8504507026491754  0.26848009118775723  246.21072701743077 
41.0  0.9137951966094745  1.3773978497854487  1.8187747952406  0.2684529832014102  246.3146327946841 
42.0  0.8760695033572727  1.3432356580555644  1.7875443712537544  0.2684289954006801  246.41836546306217 
43.0  0.8387105474549503  1.309467423697545  1.7567134149830979  0.2684085210372318  246.52182416070977 
44.0  0.8017133558254049  1.2760869438211129  1.7262734643595734  0.2683919429861132  246.62514356414545 
45.0  0.7650698967838174  1.2430868825168901  1.6962244727109714  0.26837969522195654  246.7283290271836 
46.0  0.7287694848432674  1.210459785914577  1.66655376205645  0.2683722840678249  246.8312851321378 
47.0  0.6927990579209367  1.1781947390145335  1.637250203604993  0.2683703032348413  246.93401856937822 
48.0  0.6571433368499288  1.1462788751108288  1.6083017899966405  0.2683744529951926  247.03660856612942 
49.0  0.6217848729308866  1.1146974672818377  1.5796947934098469  0.2683855648622885  247.139042872213 
50.0  0.5866984979417301  1.0834309501481405  1.5514137783460127  0.2684046337071201  247.24117328130865 
51.0  0.5518203840928586  1.0536773711219538  1.5234375952621695  0.2684328770441599  247.34317187242982 
52.0  0.5300246489706135  1.0360302230435265  1.5083738211929272  0.26268726625995004  247.49210111787775 
53.0  0.5161782396840304  1.0260046206489373  1.501148333495353  0.2577241530428619  247.61977951970334 
54.0  0.5043030507778338  1.0180901289430662  1.495885059196904  0.25443911120647517  247.72429916619788 
55.0  0.4929183922566685  1.010719802613284  1.491115192912348  0.25158922915866727  247.82278909762306 
56.0  0.4816695653356686  1.0035260933274799  1.4865015350056032  0.2488552779146541  247.91986657613546 
57.0  0.4704947105430774  0.9964363993096363  1.481989777918989  0.2461581334771432  248.0166464440186 
58.0  0.45936697930185477  0.9894249220201907  1.4775383483846727  0.2434886047403001  248.113254054898 
59.0  0.4482614857549668  0.9824805782716851  1.4731603624395038  0.24084167682791044  248.2095893668988 
60.0  0.43720059932180444  0.9756079830488855  1.4688349973539399  0.2382140347419962  248.30586787459447 
61.0  0.42619538941676194  0.9688191655884641  1.4645774151530835  0.23561039922348365  248.40201674587726 
62.0  0.41523867771241774  0.9621125215760917  1.460380838816941  0.23303354098188153  248.49798936390349 
63.0  0.4043324677698435  0.9554866113208962  1.4562474664780665  0.23048359948644026  248.5936298573006 
64.0  0.3934765366113894  0.9489437025474717  1.452177311734639  0.22796035349909  248.68904829987304 
65.0  0.38264433309088114  0.9424823523079509  1.4481650310702259  0.2254646291265786  248.78425803535657 
66.0  0.37186239199592463  0.9361070978033098  1.4442311700864037  0.22299677537092202  248.87924660523782 
67.0  0.3610773899606893  0.9297917332932569  1.4403494873924458  0.2205582017206931  248.97389151360923 
68.0  0.35032719171559173  0.9235533405312023  1.4365299438137542  0.21813871750448438  249.06834599942775 
69.0  0.33960790369848654  0.9173912702433861  1.4327561224936611  0.21574689626174975  249.16256137927084 
70.0  0.3289398302450575  0.9113185681233432  1.4290478809879905  0.2133828613325835  249.2565282893343 
71.0  0.31830516928337765  0.9053261503212413  1.4253880418090041  0.21105136740404568  249.35015267806415 
72.0  0.3077169270646691  0.8994233008758089  1.4217892721417713  0.20874968207553943  249.4433044095121 
73.0  0.2971624952612039  0.8936046545272498  1.4182393728210356  0.20648089054270838  249.53610048703672 
74.0  0.28664903985034057  0.8878786789454934  1.414749868765362  0.20424334540450165  249.62855812099647 
75.0  0.27613875862818615  0.8822695892169572  1.4113197803394733  0.20204257604173506  249.72057818860634 
76.0  0.2656622327498949  0.8768203658794798  1.4079598475885462  0.1999240227495533  249.8113383282311 
77.0  0.2552276151516919  0.8715383417829603  1.404676492714957  0.19791455045874856  249.90032669494656 
78.0  0.2448423967175274  0.866396346942093  1.4014561116701119  0.1960067167739486  249.98774758338828 
79.0  0.23450648519581554  0.8613822243199205  1.3982980674870902  0.19418262142027665  250.07386943789558 
80.0  0.22419553413037754  0.8564692551472061  1.3951782647240376  0.19243368114524026  250.15881303609825 
81.0  0.2139835713883791  0.8516471876427884  1.3921051878431456  0.19074660568719526  250.24278235482518 
82.0  0.20372995925545917  0.8468906738524846  1.389065658246184  0.18911019798834225  250.32588161660289 
83.0  0.1938710586566848  0.8421736528458367  1.386060944712783  0.18750794385579114  250.40838128692374 
84.0  0.18428681409580117  0.8374431355974146  1.3830877379746713  0.1859260155721486  250.49057790264493 
85.0  0.1741230130661888  0.8326005865101548  1.3801177151635973  0.1843175897547295  250.57326432543377 
86.0  0.16424949357687535  0.8276767784659783  1.377143346911365  0.18260447146178757  250.6577858034915 
87.0  0.1545965527084134  0.8226914298275727  1.3741764673012227  0.18082758039719243  250.74346740644611 
88.0  0.14498573794726932  0.8176453798579087  1.3712183481775844  0.1789893199536163  250.83026940790478 
89.0  0.13526630045604954  0.8125074762190467  1.3682787548043616  0.17708915156225108  250.91807147012054 
90.0  0.125488272383461  0.8073039046184486  1.3653499439494263  0.1751004856705359  251.00751313829403 
91.0  0.11586575063599992  0.8020405119521905  1.3624520317593025  0.17304924631828525  251.09817082021573 
92.0  0.10595091069277762  0.796623717906082  1.359591933997394  0.1709288178056728  251.19018416594477 
93.0  0.09569704599025876  0.791109968826367  1.3567583559095795  0.1686726803629966  251.28470506852122 
94.0  0.085232315821393  0.7854758244247292  1.3539707193445853  0.16632687279761701  251.380819900676 
95.0  0.0741328207073872  0.7796215797109007  1.351228383509207  0.16385957471708318  251.4793210339527 
96.0  0.06251922389742304  0.7736078744900958  1.3485461467670854  0.16118806526167193  251.58175814719166 
97.0  0.050547161144327744  0.7675025368910915  1.345944680790302  0.15836626116458413  251.6870758197172 
98.0  0.03883539747751675  0.7615340989746389  1.3434368920059196  0.15543871108501645  251.79451405572362 
99.0  0.027290952593586732  0.7556919668338454  1.3410158197168576  0.15258329149036307  251.90101027165014 
