0.0  2.4791553367010164  2.849523415339458  3.1473263676679224  0.3960580675979517  242.0048153873067 
1.0  2.4052720330590454  2.7827662235130637  3.086586240258649  0.3942879893586341  242.12944967070942 
2.0  2.330089733164584  2.7126805576763484  3.0205460371246486  0.3939511879463895  242.25201301970174 
3.0  2.253993791526154  2.6416873964345506  2.9535827491474254  0.3936212026430892  242.3763623956993 
4.0  2.175782229457025  2.56941066123963  2.8860471902508333  0.3932983499962495  242.5023004443882 
5.0  2.096816288348525  2.495943192432006  2.8169244492307395  0.3929851769122308  242.63078843716022 
6.0  2.0182617016841706  2.4224701580066084  2.7474101060482035  0.392680999079101  242.7607603936311 
7.0  1.9401826507977231  2.3495640084321314  2.67851524464557  0.3923850723242937  242.89151002009282 
8.0  1.8607295341279977  2.2763946250403957  2.610299828091771  0.39209818502272104  243.02287360177507 
9.0  1.7824945143864186  2.203385817379854  2.5413015452382672  0.3917344984113553  243.1569549661885 
10.0  1.7056118373544256  2.1317695864377937  2.473711591702128  0.39131102431860204  243.29157363168898 
11.0  1.6300163808246642  2.0615353623056745  2.4075597206412125  0.3909053890855885  243.42614190084382 
12.0  1.5543364667438484  1.991973274786248  2.342723196877015  0.39057343616104007  243.56036334948854 
13.0  1.480426429230476  1.9233356490554563  2.2780201442916885  0.39035060024561097  243.69506574205568 
14.0  1.4082423560794681  1.8564671934846553  2.2150889648833574  0.39014199603731714  243.82931340950645 
15.0  1.3377863698628427  1.791342911028487  2.153879652812104  0.38994915191448265  243.96290862566406 
16.0  1.267568995000129  1.7272516885528848  2.094379373855735  0.3897736578606861  244.0959133452432 
17.0  1.1993958175740602  1.6643963076941946  2.0353664044684603  0.3896232760439977  244.22950804609886 
18.0  1.1331733089186622  1.603507763502087  1.9782973383015852  0.3894939929005907  244.36203681204051 
19.0  1.068712984055158  1.5444459972271518  1.9230743488142024  0.3893883736002854  244.4934469036717 
20.0  1.0046433670392934  1.4864747775924567  1.8695245047297515  0.38930996701818055  244.6238095548083 
21.0  0.942410812038866  1.429682146721575  1.8165390198565712  0.38927051893690007  244.75437098429668 
22.0  0.8819082944884201  1.3746236271043983  1.765250788578067  0.3892667778300358  244.88359588768688 
23.0  0.8230112265156565  1.3211818193371532  1.7155481269677961  0.38930412544135823  245.01152001377898 
24.0  0.765598537987794  1.269233056851796  1.6673046945628918  0.38938928113759114  245.13807831701803 
25.0  0.7086066210396785  1.218205526307123  1.6203950728304097  0.38953053251485315  245.2633030481619 
26.0  0.6529642741009707  1.1699335836464573  1.573960612914079  0.3897494801029707  245.3880752706896 
27.0  0.6081426882352262  1.136528010877118  1.547390779559401  0.38122843018124675  245.5763457498704 
28.0  0.5734716819093354  1.1138343166550508  1.533444866688686  0.37110982471466025  245.7676752070672 
29.0  0.5443811237576  1.095576771130821  1.5228429281945857  0.3632812669969629  245.93247285518643 
30.0  0.5193988151989563  1.0801570955097635  1.5140015469567372  0.3567416492570859  246.0821142279218 
31.0  0.4955736307044686  1.0660510129571055  1.506390845086904  0.35114877996574534  246.22041832044965 
32.0  0.47357317374130914  1.053050693404846  1.499308017406687  0.3458668395215969  246.3555331053551 
33.0  0.4514314606199028  1.0404407631525725  1.4928250364295135  0.34102100742937463  246.48544401521892 
34.0  0.430713581484024  1.0285618268382217  1.4865625401489777  0.33620922369737477  246.61573152968836 
35.0  0.4106634963189034  1.0173093966195252  1.4807627760622994  0.3317432846237443  246.74177408739035 
36.0  0.3902836189453389  1.0061838620262369  1.4752872710255944  0.3274631501312297  246.86576081035926 
37.0  0.371132602879244  0.9956878532067275  1.4699976450185546  0.323173052149684  246.990470652077 
38.0  0.3513489915033464  0.9852341230467793  1.465058556904352  0.3191734695728265  247.1113919621334 
39.0  0.33272742782090975  0.9753258212229772  1.4602231709152456  0.3151024135540768  247.2340402128429 
40.0  0.31471833582485353  0.9659295580845578  1.4557006331299749  0.3113152407378179  247.35272444991116 
41.0  0.29578854249717684  0.9563941919655653  1.451403826030345  0.30770216868409556  247.46930246775284 
42.0  0.27822468594491107  0.947458008865797  1.4471897196279149  0.3039887018496679  247.5878006180678 
43.0  0.2602755293799135  0.9386660279867249  1.4432477963158188  0.300584915624693  247.7018416900894 
44.0  0.24307778509599537  0.9302756649739825  1.4394303021593897  0.2972037648839438  247.81599036298 
45.0  0.22666198457773779  0.9223301916236712  1.4357998171914508  0.2940189939126076  247.9271524569302 
46.0  0.20900929307040086  0.9140722066605211  1.4323201404239474  0.2909790785805637  248.03633967241845 
47.0  0.1925790580488085  0.906271638935133  1.4288804087411189  0.2877461396980701  248.1490358838193 
48.0  0.1768130482439282  0.8989325756888945  1.4256137769224098  0.2847584265726868  248.25780237314666 
49.0  0.160002341146369  0.8913158828159526  1.4224862184634914  0.28197325370862886  248.36355091207895 
50.0  0.14489558950068554  0.8841449746366028  1.419411010234074  0.2790156963567663  248.47246534775343 
51.0  0.13131751165638958  0.8772879764220353  1.416460944879887  0.27625423830388407  248.57813904227055 
52.0  0.1168847204356065  0.8699959704550475  1.413606786651079  0.2735952741336698  248.68232859015112 
53.0  0.10261054639884727  0.8625527816236745  1.4108136365827149  0.270662811176464  248.79142964218084 
54.0  0.08920116335413558  0.855261298934568  1.4081226031443954  0.26753506648295844  248.9039618233823 
55.0  0.07466029048383403  0.8475407252877297  1.4055511517262835  0.26446989319876335  249.01571190396058 
56.0  0.06101668880114593  0.8400245646745255  1.4031134793617142  0.26115532304266026  249.13217887231414 
57.0  0.048027532135477  0.8328321726133137  1.4008108381890287  0.257920776981181  249.24730655252438 
58.0  0.03339595815178243  0.8250362255950806  1.3986321124605552  0.2547752498586536  249.36112897467086 
59.0  0.01904464733334675  0.8174648789050699  1.3966615539448426  0.25110032353039363  249.48142825215166 
60.0  0.004458652141768749  0.810118220427772  1.394844001612357  0.2475019296418197  249.60060734123888 
61.0  0.0  0.7836235638841218  1.3931847707957803  0.2439383511689  249.71964215153668 
62.0  0.0  0.794190340373335  1.439662884752403  0.20542705262302885  250.42189716368978 
63.0  0.0  0.7993226804633055  1.4552454722711081  0.19691549738255545  250.6089010135784 
64.0  0.0  0.7952092755510596  1.451899112335741  0.19672150410367129  250.66781362511034 
65.0  0.0  0.7957077049466832  1.4581095663138028  0.192368926859427  250.79183366335917 
66.0  0.0  0.7947664786126257  1.4644007242835515  0.18788120642266085  250.91609374936797 
67.0  0.0  0.8003331444219728  1.480614647558555  0.17919395430305027  251.10810283278522 
68.0  0.0  0.7962241844513298  1.4772661206844024  0.1789377277951802  251.1664851764657 
69.0  0.0  0.7965535618356211  1.483840452691855  0.17458572869425826  251.29245036683326 
70.0  0.0  0.7969295013943827  1.4904924209105268  0.17023387116526814  251.42779084970266 
71.0  0.0  0.7980750201038068  1.497167440019996  0.16588218191046586  251.5691560221149 
72.0  0.0  0.7933839070793592  1.493824718378618  0.16568838219482968  251.62705508453547 
73.0  0.0  0.7986885794644135  1.5100776969404337  0.15705500484774634  251.85353874234556 
74.0  0.0  0.7947787880897019  1.5067315359144804  0.15666817753130172  251.9111067319491 
75.0  0.0  0.794881262050494  1.5125176476064524  0.1522751625465923  252.0538994369763 
76.0  0.0  0.7955957154042915  1.5174394409610885  0.14792522386073315  252.19715431597353 
77.0  0.0  0.7917592408096926  1.5140847218495959  0.1477315659595539  252.25434487922143 
78.0  0.0  0.7906476441361027  1.518334489585333  0.14338223979361497  252.39785256794406 
79.0  0.0  0.7947862312070199  1.5299755527271321  0.1348780364607933  252.62920261246407 
80.0  0.0  0.7911075755645112  1.5266072710720775  0.1345781176535564  252.68590192713583 
81.0  0.0  0.790786713020312  1.530645653417881  0.13004879238321723  252.8303113685241 
82.0  0.0  0.7917217027651758  1.5346169788372808  0.1256414259816247  252.9748713190626 
83.0  0.0  0.7873429502255085  1.5312455513397754  0.12544799150656813  253.0312003237043 
84.0  0.0  0.7909824190850988  1.5426982975086743  0.11694652854516044  252.88987096612334 
85.0  0.0  0.7918262395470131  1.5473612415870763  0.11259959794622615  252.95868708790147 
86.0  0.0  0.7884720620748195  1.5440205279056054  0.1124063110965916  252.72351345028858 
87.0  0.0  0.7881637627824979  1.549211353359303  0.10800769005558096  252.20955807140643 
88.0  0.0  0.789326761819889  1.564469460216034  0.09744762972149953  251.99972763387916 
89.0  0.0  0.7749745662761588  1.5712731272963802  0.08836944428234529  251.0307313216303 
90.0  0.0  0.751505658581343  1.548475068179733  0.08578274193512629  250.40059609333485 
91.0  0.0  0.7316608538387095  1.5298691010541756  0.08381726958129931  249.83436753734074 
92.0  0.0  0.7157502431752643  1.5107242397558747  0.08180154086445601  249.70687098667898 
93.0  0.0  0.7071714500233277  1.5021217939368436  0.08091526177217373  249.58608669182684 
94.0  0.0  0.6969721333680013  1.493471857244856  0.07991049251375036  249.2922111110479 
95.0  0.0  0.6847555826793332  1.4791683748057396  0.07862806872339709  249.19056519508442 
96.0  0.0  0.6746754353505635  1.4703942620837895  0.07762856274225112  248.93330536176018 
97.0  0.0  0.6626183614957164  1.4558109372787147  0.07639810945207479  248.84946436269598 
98.0  0.0  0.6562421482844616  1.4469002266262836  0.07541674352824954  248.92168520958217 
99.0  0.0  0.6502635550124086  1.4438112768712295  0.07495430667654844  248.69862252455354 
