0.0  2.5482314206530448  2.880453693706477  3.2070496790834833  0.2686215682249197  242.24454630287485 
1.0  2.548566445894473  2.8810636768939304  3.2078741074682737  0.26840670504018305  242.24236403452693 
2.0  2.5499828300947733  2.8826293399518663  3.20977922869348  0.26611204381903  242.2524047898208 
3.0  2.552322046749321  2.8851210515085404  3.2126066029217553  0.26383413532543903  242.2616717488959 
4.0  2.555447665595187  2.8884021185039015  3.216220773909922  0.2615737236666539  242.27027574758108 
5.0  2.5592380735618137  2.8923536855137257  3.2205051170074075  0.25933152113513674  242.27831312205993 
6.0  2.5635925136983007  2.896872531027256  3.2253533955478124  0.2571092462529201  242.28586967349872 
7.0  2.5684289891905747  2.901874921823681  3.2306834974199363  0.2549100101841433  242.29301863790113 
8.0  2.573669000023775  2.9072833255711696  3.23641695058313  0.2527322976782868  242.29981925105713 
9.0  2.5792418506871724  2.913026279932971  3.242483085379867  0.2505944174438343  242.3062577208856 
10.0  2.5850904780966864  2.9190483514706695  3.24882485967645  0.24848510897178347  242.31245237471532 
11.0  2.5911757983737713  2.9253087122779338  3.2554032040031027  0.24640309608372268  242.31846947560683 
12.0  2.5974646704783115  2.931774212236735  3.262184989593224  0.24435024822815915  242.32435405310787 
13.0  2.603921311219508  2.9384098389728788  3.269134446802618  0.242338000295243  242.33009492999318 
14.0  2.6105202762092365  2.9451887378068027  3.2762261409031646  0.2403752175400059  242.3357188946489 
15.0  2.6172317368265325  2.9520831440464916  3.283430254759733  0.23847221861164952  242.3412449381194 
16.0  2.6240371532479965  2.9590726473601934  3.2907282557187667  0.2365995360288308  242.34669568875768 
17.0  2.630918803495212  2.9661389620050875  3.2981024286900764  0.23519178395730303  242.35208513256077 
18.0  2.6378461404812965  2.9732540055047707  3.3055222386817835  0.23428658135892863  242.35735605436184 
19.0  2.6448082172033893  2.980405214023469  3.312976744307502  0.23338137876055384  242.36259515616285 
20.0  2.6517903351421688  2.9875797050097335  3.320451254747148  0.2324761761621805  242.3678182649261 
21.0  2.658780191845306  2.9947650579621405  3.327933471579056  0.23157097356380874  242.37303688544966 
22.0  2.6657704413435908  3.0019530984233116  3.33541605149508  0.23066577096543564  242.37826072341545 
23.0  2.672751153434577  3.0091347711753893  3.3428890680695607  0.22976056836706105  242.38349562511306 
24.0  2.6797142111481107  3.016301848788297  3.350345092495659  0.22885536576868842  242.38874955242363 
25.0  2.686654938050396  3.0234489202000043  3.3577797031409653  0.22795179966802986  242.39402908867254 
26.0  2.6935624849789184  3.0305667038366995  3.3651811200721657  0.22705013256168174  242.39932896015193 
27.0  2.7004270710954454  3.0376454162287803  3.3725395572099197  0.2261484654553287  242.40465680031235 
28.0  2.7072464752098653  3.044681737543061  3.3798527924639603  0.22524679834898123  242.41003102631907 
29.0  2.714016927393956  3.0516725089121026  3.3871170642223567  0.22434513124262864  242.41545371028846 
30.0  2.720730411129483  3.0586110980719385  3.394324370416372  0.22344346413627686  242.42092819759233 
31.0  2.7273840598860457  3.0654932353465014  3.401471827676025  0.22254179702992893  242.42646131051532 
32.0  2.73397217385811  3.072314534467382  3.4085537646125514  0.22164012992357593  242.43205574946495 
33.0  2.740489475222147  3.079069433463409  3.415564903675336  0.22074311752444745  242.4377165514139 
34.0  2.7469284684520248  3.0857498372263157  3.4224977543686665  0.2198550647855529  242.4434214857567 
35.0  2.753273831380955  3.0923427623525157  3.429337031777925  0.21896701204665323  242.44915195677663 
36.0  2.7595242130329556  3.098845415510017  3.4360813821606406  0.21807895930775772  242.45497285269116 
37.0  2.7656749652576686  3.1052543791626483  3.4427262021046774  0.21719090656886306  242.46088590034392 
38.0  2.771718727216992  3.1115634229496685  3.4492642091563206  0.21630285382996345  242.46689556953447 
39.0  2.7776525812788813  3.117768920120888  3.455692468496761  0.21540627238857465  242.47300862488166 
40.0  2.783476238104261  3.1238716273597853  3.4620109079860515  0.21450766278590142  242.47927887850713 
41.0  2.7891836367171097  3.129864959453677  3.4682136463273094  0.21361910722496433  242.48566902842035 
42.0  2.7947582333301573  3.1357335763231586  3.474284370321576  0.21273420525949469  242.49211342350654 
43.0  2.800187080024237  3.1414661355445825  3.4802106671054385  0.21184930329402588  242.49866423496337 
44.0  2.8054596619214003  3.147052974509224  3.485982988006967  0.2109644013285565  242.5053548492688 
45.0  2.8105662187475873  3.152484698111181  3.491593324052992  0.2100794993630835  242.51219519221573 
46.0  2.81549553093417  3.15775118497865  3.4970338526026286  0.2091945973976176  242.51919468057832 
47.0  2.820234941799168  3.162840969378254  3.502312546110435  0.2083096954321462  242.52636409113725 
48.0  2.824770352614738  3.167740671455821  3.507412178242919  0.2074324472679328  242.53371556647792 
49.0  2.8290798678418567  3.172430112491983  3.5123104581466906  0.20656076579081575  242.54121642131312 
50.0  2.833138351673921  3.1768878538460443  3.517006479361925  0.20568908431369792  242.54889925384677 
51.0  2.836926744536289  3.1810962178121214  3.5214689628131817  0.20480908187949176  242.5568210104151 
52.0  2.84042485258734  3.185038859369909  3.5256864945256075  0.20392684397539187  242.5650514354358 
53.0  2.843602385845822  3.1886890771271936  3.5296542929023236  0.2030446060712906  242.57357330955733 
54.0  2.846404489467964  3.192004047667454  3.5333262816717985  0.20216236816718802  242.58240183357475 
55.0  2.8487275830361067  3.1949052553006143  3.536661637866264  0.2012908079453656  242.59158772178958 
56.0  2.8501991853032447  3.197145721025526  3.5395737725292125  0.20042185249831865  242.60115890802663 
57.0  2.850844637155895  3.198600768480711  3.5417408907895145  0.19955289705127047  242.61149565554112 
58.0  2.85075294507973  3.1993301230772473  3.543199640885072  0.19868394160422423  242.6226010879855 
59.0  2.850008778169443  3.1994159664766557  3.5440217790916417  0.19781498615717555  242.63440638664292 
60.0  2.848671176493146  3.1989230406946594  3.5442695326101594  0.19694603071012967  242.6468457689157 
61.0  2.846791297346465  3.1979020041082067  3.5440151587853643  0.19608126514971036  242.65987538250513 
62.0  2.8444173849976604  3.1963983801519196  3.543276912248872  0.1952148532730754  242.6734311511594 
63.0  2.8415729233288576  3.194444470235881  3.5421054065784516  0.19434812980690952  242.68751521383317 
64.0  2.8382873258987216  3.1920643810414266  3.540530092718525  0.19348140634074065  242.70210515175168 
65.0  2.8346015057730947  3.189294269265958  3.538560541979118  0.19261468287457414  242.71717992868219 
66.0  2.8305176594909254  3.1861498118775775  3.5362512286716172  0.1917479594084089  242.7327096602786 
67.0  2.826052522858289  3.1826421922723678  3.533587217966743  0.19088453591692423  242.74869956439014 
68.0  2.821229978281588  3.178790268064117  3.530592351654846  0.1900306604582352  242.76511981655463 
69.0  2.8160487565999035  3.1745982923643443  3.5272805174807047  0.18917678499954654  242.78191368031514 
70.0  2.8105166022360435  3.1700756978904843  3.5236537373768178  0.1883229095408582  242.79915219462848 
71.0  2.804657828434522  3.1652408534726715  3.5197360219323772  0.18746700072664618  242.81683555032396 
72.0  2.798475618477787  3.160105339466843  3.515526401279947  0.18660202183462757  242.83496208940596 
73.0  2.791982515754199  3.1546767969547997  3.5110689597895175  0.185742557009829  242.85358477278456 
74.0  2.7851948760547613  3.148967927165761  3.5063310244992163  0.1848904476489567  242.8725998046089 
75.0  2.778120158245508  3.142989467677319  3.5013580173621257  0.1840383382880822  242.8919853552644 
76.0  2.770768963781195  3.1367507889699833  3.4961406212033745  0.18318622892721106  242.91179175881845 
77.0  2.7631672920869543  3.1302735557140458  3.4907110693012  0.18233411956633863  242.9320160966709 
78.0  2.7553350306390416  3.123579096659407  3.4850776766465836  0.18148201020546542  242.95264006889676 
79.0  2.7475849435604647  3.11682145349388  3.4790539950236683  0.18064100740276612  242.97365094322024 
80.0  2.7402326200969154  3.1102959981327833  3.472637566320049  0.17979812599153816  242.99466038324655 
81.0  2.7332984740350916  3.1041574978613533  3.4663843475322826  0.17894729028961082  243.01543989875816 
82.0  2.7267979524557773  3.0984234177089465  3.4605644206136104  0.17809645458767856  243.03600618531928 
83.0  2.720734709166113  3.0930988551818595  3.4551814189317547  0.17724561888575172  243.0562781895863 
84.0  2.715106676899829  3.0881830267406807  3.450232168348834  0.1764026849228588  243.07624414401295 
85.0  2.7099014575858122  3.0836653600575525  3.4457035796975997  0.17556425221249544  243.0958393435416 
86.0  2.705101289974588  3.0795319368646714  3.441579668020454  0.17472581950213217  243.11509319578295 
87.0  2.700688258857097  3.0757668421996525  3.437842525990403  0.1738873867917696  243.13405019160828 
88.0  2.6966391187552547  3.072349661520562  3.434468923476226  0.17304707843521266  243.15272222669734 
89.0  2.692928621463166  3.069256948461087  3.431433631305247  0.1722042528536921  243.17114185554527 
90.0  2.6895299735178324  3.066463416384431  3.4287098782310887  0.1713665951577624  243.18933553216894 
91.0  2.6864095543054343  3.063937395521979  3.4262640755659706  0.17052893746183276  243.20726709097926 
92.0  2.683536771444645  3.061650428026777  3.4240656606239144  0.16969127976590354  243.22552844015715 
93.0  2.680881631376077  3.0595734843160844  3.4220846701377403  0.16885362206997415  243.24390775845347 
94.0  2.6784143918710255  3.057677734034933  3.4202913931261265  0.16802550541037903  243.26215118357877 
95.0  2.6760991181695415  3.0559287467794065  3.418650326083898  0.16719978019184265  243.28020777112033 
96.0  2.673907687387047  3.0543001403128742  3.417136210605814  0.16636573527349907  243.2981737290105 
97.0  2.6718206773890523  3.0527729719192025  3.415728671916175  0.16552836699966383  243.31616908664145 
98.0  2.669815202677836  3.051324166199803  3.4144026366781333  0.16469355456427465  243.334172526276 
99.0  2.667865947235528  3.049928535510373  3.4131328093094457  0.16386808221024224  243.3521589458924 
