0.0  2.5482314206530448  2.880453693706477  3.2070496790834833  0.2686215682249197  242.24454630287485 
1.0  2.5484788576854585  2.8811057262301993  3.2080313768385764  0.26818787193299076  242.24236403452693 
2.0  2.5503844013835537  2.8832357947969327  3.210670154910197  0.26476459849284156  242.25763384962042 
3.0  2.553705008525762  2.886786983599081  3.2147264120441035  0.26138001870467975  242.27174563601974 
4.0  2.558226292394637  2.891547705708161  3.219989253969073  0.258039709420322  242.2848631526154 
5.0  2.5637707572327804  2.8973359532101726  3.2262748331937683  0.25474876913509364  242.2971319462941 
6.0  2.5701758174059512  2.9039891320619367  3.2334206177890548  0.2515179555161947  242.30864309278195 
7.0  2.5772931590099497  2.9113609833515457  3.2412783451445697  0.24836532919912988  242.319463933164 
8.0  2.58501833788318  2.9193449839183745  3.2497436073108172  0.2452787740514599  242.3298282119333 
9.0  2.5932593528041328  2.927848847165913  3.2587244358767338  0.24227862626383095  242.3397994519991 
10.0  2.601931163304223  2.936787876245059  3.268135821613314  0.239400744434947  242.34940831796072 
11.0  2.6109605143920596  2.9460883169919208  3.2779045369609197  0.2365917205607174  242.358717050535 
12.0  2.620278952572755  2.955681212407176  3.2879621546393505  0.23428658135892808  242.3677479610685 
13.0  2.629815733835729  2.9654985070641695  3.2982379614128576  0.23292877746136584  242.37649769008982 
14.0  2.6395196237015943  2.9754897795668254  3.308680745834405  0.23157097356380615  242.3851056793569 
15.0  2.6493466685659994  2.9856109732972707  3.3192465700793234  0.2302131696662491  242.3936111341164 
16.0  2.6592586392850888  2.995823947348427  3.3298972200303383  0.2288553657686865  242.40204802278276 
17.0  2.669221559103345  3.006094633111998  3.340599183072073  0.22750096611485524  242.41044621525177 
18.0  2.679197820644434  3.0163873219170907  3.3513163714301024  0.22614846545532905  242.41881353305942 
19.0  2.68916140292815  3.026674447668189  3.36202081124842  0.22479596479580288  242.42718864533654 
20.0  2.6990840533602447  3.0369304707190863  3.3726842911067787  0.22344346413627833  242.4356031461288 
21.0  2.7089448444542565  3.047133191817466  3.383285869569864  0.22209096347675333  242.44408037319408 
22.0  2.718718174087255  3.057259340176996  3.393800015527457  0.22074311752444806  242.45263799554556 
23.0  2.7283783259098806  3.0672819142397554  3.4042010145430095  0.21941103841610135  242.4612706239648 
24.0  2.7378914083173123  3.077169587943998  3.414455034225256  0.2180789593077573  242.46993507033375 
25.0  2.7472354266282277  3.086902227424001  3.424540192335531  0.2167468801994132  242.47875227323217 
26.0  2.7563897246418048  3.096460339807634  3.4344360219611456  0.21540627238857588  242.4877420504804 
27.0  2.765337310597848  3.105828066137047  3.4441258880933954  0.21406155820770112  242.49697441739787 
28.0  2.7740572993743076  3.1149846336007974  3.4535896338071637  0.2127342052594951  242.50643984900387 
29.0  2.782502609564104  3.1238884587498363  3.462781635478568  0.21140685231129006  242.51602985050343 
30.0  2.790642064780733  3.132510205105002  3.4716743068371163  0.21007949936308842  242.52588957403563 
31.0  2.798441208992595  3.1408185148763947  3.4802445414489007  0.2087521464148833  242.53604853389967 
32.0  2.8058590534142436  3.1487762878656698  3.4884978258529102  0.20743244726793347  242.5465395893384 
33.0  2.8128355012706376  3.1563300827519987  3.496370549165896  0.20612492505225524  242.55735531985187 
34.0  2.819308989779673  3.163423509376255  3.503836526720791  0.20480908187949243  242.56852378681 
35.0  2.825210101009314  3.169999975182837  3.5108332611832584  0.2034857250233391  242.58022880522137 
36.0  2.8304358069512165  3.175975511956883  3.5173220744579856  0.20216236816719202  242.59253286313276 
37.0  2.8346683329704656  3.181131341809457  3.5231932698758412  0.20085633022184002  242.60548736902467 
38.0  2.837386157276252  3.185057302102224  3.5281780116567436  0.19955289705127066  242.61927284281845 
39.0  2.8387258796822716  3.1876341499353265  3.531841076708713  0.19824946388070064  242.6344549007759 
40.0  2.838822586834678  3.1889932479141208  3.534301126638916  0.1969460307101271  242.6509529752753 
41.0  2.8377807569634528  3.189243485084478  3.5356860853076992  0.19564821500616006  242.66867079454946 
42.0  2.835675863103111  3.1884650824703282  3.5360589555898314  0.19434812980690871  242.68750257045377 
43.0  2.8325728150148834  3.186722715216914  3.535510024642314  0.19304804460765856  242.70745389916192 
44.0  2.828526645596883  3.184074471428504  3.534083607145483  0.19174795940840747  242.72847414087667 
45.0  2.8235816053865466  3.180566126190313  3.531826349032815  0.19045759818757982  242.75053632696932 
46.0  2.8177655230607903  3.176226055735915  3.5287898776689364  0.18917678499954843  242.773558878934 
47.0  2.811110013332089  3.171084827494732  3.52498453335408  0.18789597181151352  242.79753935137734 
48.0  2.8036535111715017  3.1651834455168353  3.5204565055288577  0.1866020218346288  242.82253515641082 
49.0  2.795428320234669  3.1585548463786326  3.515265174519344  0.18531650232939512  242.8486247861618 
50.0  2.786474431032122  3.1512327132120355  3.5094178338285196  0.1840383382880838  242.87565644563134 
51.0  2.7768257364511455  3.1432512011834843  3.502955727648509  0.1827601742467738  242.9036225720826 
52.0  2.766537786046516  3.1346616515435217  3.4959474926646794  0.18148201020546573  242.93256571260898 
53.0  2.7561446009963864  3.1257411319564277  3.4880747297000814  0.1802211556395753  242.96245656426296 
54.0  2.746187576293831  3.116999857265266  3.479259292041357  0.1789472902896077  242.9926579813897 
55.0  2.7367856252964495  3.108746146260521  3.4708776427539187  0.177671036736716  243.0228435233635 
56.0  2.7280160890117493  3.101063206039825  3.4631267516111794  0.17640268492285902  243.0528063424649 
57.0  2.7199196905186294  3.0939977378663452  3.4560454463561023  0.17514503585731614  243.08237714891848 
58.0  2.7125038256889265  3.0875663773637068  3.449644111843472  0.17388738679177282  243.11147476897514 
59.0  2.7057563202713824  3.0817659490759945  3.443910554834815  0.1726230817016573  243.1401529524501 
60.0  2.6996481284156237  3.076573149370298  3.4388157323887247  0.1713665951577634  243.1684587166614 
61.0  2.6941240668602857  3.0719395376714553  3.4343045576212385  0.17011010861386874  243.19629654014489 
62.0  2.6891230808556377  3.067810253830631  3.4303164892913895  0.16885362206997392  243.2246916072583 
63.0  2.6845783864195356  3.064121694524534  3.4267843563557983  0.16761264280111085  243.25305042576647 
64.0  2.6804090396517086  3.060797667414761  3.4236319600030938  0.16636573527350113  243.2810209696509 
65.0  2.6765487981093044  3.0577751390779526  3.420791488546262  0.16510968286274685  243.3088613527863 
66.0  2.672934853669714  3.0549920839343865  3.418197206016659  0.16386808221024327  243.3366664048282 
67.0  2.669491754765035  3.052375161598953  3.4157737188772015  0.16262987367919693  243.3642997510508 
68.0  2.666157998846004  3.0498646233331845  3.413459574093322  0.16139166514814982  243.3919356455015 
69.0  2.662880093494816  3.0474076369475362  3.4112013247609374  0.16015243406345378  243.4196716552185 
70.0  2.6596110023032375  3.0449576125392297  3.4089519768885186  0.15891387581089075  243.44757886846372 
71.0  2.6563089191454172  3.0424732602243494  3.406669764407753  0.15767680157880998  243.47569811779198 
72.0  2.652962277293296  3.039924592096619  3.40431903457403  0.15645534830941835  243.50407272369458 
73.0  2.6495311830353288  3.037289651200741  3.401881763343843  0.1552213110793016  243.5325937453416 
74.0  2.6459958221235227  3.034549728078412  3.399340368035371  0.15398862175451503  243.56156436324812 
75.0  2.642333742568926  3.031681103404143  3.39667271405326  0.15276600871202622  243.59089437418186 
76.0  2.638521855782185  3.0286610979293305  3.393862319139775  0.1515433956695405  243.62053483967512 
77.0  2.634550227104966  3.025480159925331  3.3908923449361827  0.15031996174754778  243.65061461838368 
78.0  2.6304092287956506  3.0221285246396623  3.387753174121718  0.14909548365667705  243.68116242808426 
79.0  2.626094818978263  3.0186015058757483  3.3844407713674154  0.14787719877208294  243.71220044745587 
80.0  2.6216016866554326  3.014893476765945  3.380949833404959  0.14666588055219903  243.74367346157118 
81.0  2.6169267549142936  3.011002955987591  3.377277289592236  0.1454392078758677  243.77559038097408 
82.0  2.612080147593883  3.0069380097978375  3.373433260000806  0.1442282830488613  243.8081808109379 
83.0  2.607056333024705  3.0026936282140633  3.369412221295046  0.14301735822185818  243.8411407479559 
84.0  2.6018604559767757  2.9982754805950815  3.3652193184201074  0.14180312949062324  243.87463910709414 
85.0  2.5965001452309537  2.993690916708197  3.3608621783216135  0.14058884469138924  243.90871405251275 
86.0  2.590981817874304  2.9889455880888454  3.3563472171187154  0.1393835136464793  243.94333371312752 
87.0  2.5853054110447906  2.984040281925038  3.351674376179159  0.13817219960629817  243.97840870404113 
88.0  2.5794814905606964  2.978985363595013  3.3468594164170105  0.13696145468473625  244.01410098492326 
89.0  2.573518477673916  2.973788678203682  3.341907267738161  0.1357583093039523  244.05034224927675 
90.0  2.567417679429847  2.9684523359278727  3.3368174826619192  0.13454874872123332  244.08705897473868 
91.0  2.5611904004062893  2.9629873425007127  3.3316013634660715  0.13334079262724427  244.1244056284605 
92.0  2.5548427883706744  2.9573992004440597  3.3262650581712463  0.13214091201776412  244.16229502250724 
93.0  2.548377858578962  2.951692443798986  3.3208115839148653  0.13092893572881012  244.20066023742757 
94.0  2.5418075012184507  2.945877545312254  3.3152528277557245  0.1297256291848633  244.2397158721258 
95.0  2.535135375271525  2.939958981083218  3.309592449937087  0.128519680687098  244.2792410431399 
96.0  2.5283662783015406  2.933941299525179  3.3038352485761235  0.12731320458910422  244.31936540540562 
97.0  2.521509247312459  2.927833461229946  3.297990258642117  0.12611054772242733  244.36007157998262 
98.0  2.514567154913877  2.921639107623006  3.2920603541510607  0.12490056956750627  244.40129666615107 
99.0  2.507546890084399  2.9153640563161907  3.286052423014325  0.1236957321452371  244.44318031422495 
