0.0  2.548231420653044  2.880453693706476  3.2070496790834815  0.2686215682249185  242.24454630287485 
1.0  2.537500913799542  2.87478386020209  3.2056376958608177  0.26885641576676184  242.35113346773483 
2.0  2.5153598440090037  2.8577168134848607  3.1929113163779745  0.268856415766759  242.4691927069732 
3.0  2.4834365873961795  2.8308722653167493  3.1704527382777554  0.2688564157667628  242.5955849070169 
4.0  2.4431821851074016  2.7956741850483713  3.1396690518155523  0.2688564157667583  242.7291611830618 
5.0  2.3958214468139993  2.7533724181057138  3.1018171073684337  0.26885641576675773  242.8689506377036 
6.0  2.3423876661994294  2.705021440934687  3.057974859005826  0.2688564157667587  243.01417710278758 
7.0  2.283769598947267  2.6515473379012997  3.009059312180492  0.2688564157667613  243.16421889209124 
8.0  2.2208524515540096  2.59377885621662  2.9558646913760613  0.268856415766763  243.31848593353735 
9.0  2.154427584414964  2.5325081739944886  2.899180065263527  0.26885641576676  243.4764962482986 
10.0  2.0851467533267423  2.468413813070384  2.8397114384220803  0.26885641576675956  243.63780917946616 
11.0  2.0136093622621263  2.4020871396091814  2.7780430393849027  0.2688564157667634  243.80192398329083 
12.0  1.940318415197782  2.3340648438914897  2.7147105140327366  0.26885641576676245  243.96861734834698 
13.0  1.8657780263358044  2.2648184995416227  2.650169144677496  0.2688564157667622  244.13746080288857 
14.0  1.7904427486355676  2.1948004320000734  2.584862703079218  0.2688564157667607  244.30822757476375 
15.0  1.7146530241371898  2.1243780895575703  2.519190798174098  0.2688564157667619  244.4805054692737 
16.0  1.6387384497187305  2.053865660419162  2.4534500570403326  0.2688564157667617  244.6541557423864 
17.0  1.563005283376539  1.9835670481353362  2.387926540977059  0.26885641576676406  244.82882243835343 
18.0  1.4877265001469782  1.9137677083791125  2.3229067234740985  0.2688350349482562  245.00452537502287 
19.0  1.4131957909378168  1.8447458372260046  2.2586722586614356  0.26875022976300617  245.18117166843115 
20.0  1.3395261392497229  1.776643265344013  2.195388473166929  0.2686689650025035  245.3582053428306 
21.0  1.2668396395502748  1.7095682826090008  2.133146918441964  0.26859166790871636  245.5353099588338 
22.0  1.1952449003806458  1.6436281396160606  2.0720434119288007  0.2685188187886032  245.7125112908974 
23.0  1.1248196654076992  1.5789058657764308  2.01216005663544  0.2684509692922112  245.88951957344003 
24.0  1.0556141358397613  1.5154559768675995  1.9535520425505917  0.2683887935432642  246.06631300555145 
25.0  0.9875953265959084  1.4532846666386292  1.8962546040280275  0.26833311171450386  246.2427136462965 
26.0  0.9208059136941675  1.3924192760401692  1.8402999064374015  0.2682411125425662  246.41907809703193 
27.0  0.8552383928667936  1.3328407632612609  1.7856418454937086  0.26816056285068124  246.59493844829996 
28.0  0.7908563863332906  1.2745223219975683  1.7322526610345403  0.26810019654738937  246.77014206406872 
29.0  0.7276066839012013  1.2174184817518066  1.6800892939744714  0.26806380035302907  246.94469356904216 
30.0  0.6653953149934494  1.1614566629331244  1.6290944667535183  0.26805621098220733  247.11846654447805 
31.0  0.6040748091050266  1.1065255382378105  1.5791807749433058  0.26808380271851157  247.29154759625138 
32.0  0.5435747453234987  1.0542510418708715  1.5302243186787858  0.2681551919314814  247.4638526775748 
33.0  0.5015250994687221  1.0199120954080585  1.4995685423394431  0.2603395509075399  247.69993108979202 
34.0  0.4777801619443226  1.0026024163135878  1.4869875975479276  0.25072864350401675  247.93133156246424 
35.0  0.45816917136566815  0.9897702383557689  1.4785316591841986  0.2451440068389442  248.10783212666806 
36.0  0.43943064755117556  0.9779728106607839  1.4710160219044353  0.24049810296182045  248.27161387216313 
37.0  0.4209649172723925  0.9665481362718066  1.4638035930568776  0.23607998902299543  248.43262254084553 
38.0  0.40266760372081295  0.955379793531304  1.4567942567593146  0.23176363688178814  248.59274023881255 
39.0  0.38449383651141283  0.9444504452384561  1.4499673409995102  0.2275281338879734  248.75197372092248 
40.0  0.3664177839954264  0.9337471951696042  1.4433358807558143  0.22337163982391606  248.91059570701285 
41.0  0.3483922734208939  0.9232415556945202  1.4368617194689857  0.21929101468836307  249.0684689262708 
42.0  0.33048256429815487  0.9129642831889614  1.4305440602849606  0.2152774477316071  249.22569153210085 
43.0  0.31269296959601783  0.9029283588948341  1.4243876157461866  0.2113475155186408  249.38212745726767 
44.0  0.2950193636155577  0.8931390545121946  1.4183885812443253  0.20750663123083296  249.53739156460597 
45.0  0.2774183097828718  0.8836216569572695  1.4125549188107402  0.20375624032135184  249.69162421070106 
46.0  0.2598601030053676  0.8744945426760382  1.4068827821623846  0.2001424116083356  249.8440729090259 
47.0  0.2424512180427077  0.8658067277934771  1.4014172574776358  0.19681199952736766  249.99196338547247 
48.0  0.22518205390490587  0.857473242489454  1.3961273539307426  0.19374486936562083  250.13578580890132 
49.0  0.20809381440005267  0.8494090011368244  1.3909616934282594  0.19087689077986145  250.27649451023004 
50.0  0.1913300398759805  0.8414968829283599  1.3859121526411078  0.18815913827538794  250.41472300655576 
51.0  0.17495332449436682  0.8334983564568144  1.380943137948224  0.18551061141116656  250.5517839440036 
52.0  0.15865605897357074  0.825276319554326  1.3759809634884765  0.18273258155510258  250.69116620424853 
53.0  0.14251186143050554  0.8168611194664683  1.3710309744620435  0.1797437539151751  250.83433063280458 
54.0  0.12627640751690894  0.8082251987861225  1.3661186726077916  0.1765782961286264  250.98058096875005 
55.0  0.11003686740219733  0.7993502836732052  1.3612692656902627  0.17319756091919442  251.13077124793242 
56.0  0.09305042073969659  0.7901525329569417  1.3565038090522938  0.1695901600323325  251.28532808570617 
57.0  0.07489996376508411  0.7805002231424908  1.3518378194169693  0.16568008564547376  251.44542064323045 
58.0  0.05522123207018719  0.770365272676276  1.3473173152930558  0.16134998188371846  251.6135780970531 
59.0  0.03568530561092796  0.7603320616018655  1.343017208765779  0.15656697491362334  251.79047839717865 
60.0  0.015567084929387047  0.7503968771122104  1.3389738154156179  0.15179411388205444  251.96798461662087 
61.0  0.0  0.714832634015406  1.3352035260251596  0.14698813924195897  252.1467024567916 
62.0  0.11154287691802102  0.8298608743430085  1.437781739398343  0.16159052151647724  252.3847294780373 
63.0  0.0  0.7026923687092657  1.325649541186104  0.1662501071446958  251.9779568353128 
64.0  0.14441091223543884  0.8726570340894131  1.498684429547886  0.16654593379320354  252.45738560883723 
65.0  0.0  0.6903119058249917  1.3176895992035476  0.17120551942141998  252.07222763782468 
66.0  0.12982345250227595  0.8719862839756387  1.5081655964336742  0.16289486061437952  252.70651549572955 
67.0  0.0  0.6717574110320678  1.3083925721507748  0.16755444624259802  251.61157043894752 
68.0  0.07597818842277869  0.8314664748299359  1.4734118682725876  0.15064972277924255  253.138615585944 
69.0  0.0  0.6541591145828711  1.298613500443343  0.15530930840746182  251.01239157386055 
70.0  0.0  0.7628487497348487  1.4425967748023547  0.07128403025863338  255.40965959758378 
71.0  0.0  0.7182006541843619  1.389504703531557  0.07518680133527242  252.98783863646483 
72.0  0.006389374353943034  0.8071097375469682  1.4721408323031842  0.13305392326428395  253.87817868686588 
73.0  0.0  0.6237119690026356  1.2825484324679841  0.13771350889250167  250.11990439075325 
74.0  0.0  0.6872487261533863  1.378688812402561  0.06823728487988495  251.76819013908627 
75.0  0.0  0.7242745987277224  1.4223324106519792  0.07035845902939171  252.72229107428126 
76.0  0.0  0.7316964959761552  1.4370671122108625  0.07106560972061932  252.61212958905833 
77.0  0.0  0.7181777505204474  1.4270377357791884  0.07055750669944888  252.10241267771463 
78.0  0.0  0.6962091844449939  1.4069759641880089  0.069435274806633  251.4768602990238 
79.0  0.0  0.6691088376458951  1.3811772827268975  0.06793052003444591  250.8002298412772 
80.0  0.0  0.6384415521329149  1.3489472006904755  0.06627069043712201  250.25542170780005 
81.0  0.0  0.6063746511271986  1.3154389361520618  0.06461424332720553  249.72929166145119 
82.0  0.0  0.5720077525457453  1.2746239858549695  0.06269274313394246  249.41679777672505 
83.0  0.0  0.5418381075895065  1.238553687772437  0.0610447272591215  249.1861247040355 
84.0  0.0  0.5111306278214803  1.2014577915134108  0.05940115614092912  248.97594943985237 
85.0  0.0  0.4768276168963719  1.1564767266823932  0.05738826136601224  248.84496454808817 
86.0  0.0  0.4441053610704467  1.1100132097914133  0.055492891303264534  248.83176959624066 
87.0  0.0  0.42092094923813844  1.0767842844635478  0.05413270374502369  248.8663447532567 
88.0  0.0  0.3937125292750813  1.035357202288517  0.052515708418683346  248.79906222892882 
89.0  0.0  0.3546963997925309  0.9772137963474076  0.0503885012087707  248.91465558626388 
90.0  0.0  0.31686446535603635  0.9172536614878096  0.048280738144865644  249.03008812655546 
91.0  0.0  0.2802723221577713  0.855333298400934  0.04619726258662817  249.1453603708822 
92.0  0.0  0.24498964829080988  0.7914157050830155  0.044144795511591166  249.26047283767468 
93.0  0.0  0.20665304978653665  0.7162833007251231  0.04189166811395404  249.37542604273318 
94.0  0.0  0.1577827211917193  0.6098247142993513  0.0390274047555404  249.4902204992465 
95.0  0.0  0.08524472832861195  0.41878007678465473  0.034894416353458024  249.60485671780964 
96.0  0.0  0.0  0.0  0.0  249.7193352064409 
97.0  0.0  0.0  0.0  0.0  249.8336564706015 
98.0  0.0  0.0  0.0  0.0  249.9478210132111 
99.0  0.0  0.0  0.0  0.0  250.061829334666 
