0.0  2.5482314206530448  2.880453693706477  3.2070496790834833  0.2686215682249197  242.24454630287485 
1.0  2.5482134321325507  2.881230257069981  3.2085005293493194  0.26755598799505  242.24236403452693 
2.0  2.551580173831439  2.885053504222127  3.213345729602196  0.2608310989225355  242.2733935457767 
3.0  2.557836953218997  2.891783709429199  3.2210866683127954  0.2543032377916837  242.30223562917683 
4.0  2.566531527143657  2.9009682834702772  3.231264282786757  0.24805791275068173  242.32903790586406 
5.0  2.577294380613079  2.9122369096768654  3.2435091537938607  0.24218632190483622  242.354282369434 
6.0  2.5897961181297644  2.9252591953255584  3.2574919825281397  0.23656827415637594  242.37819320968256 
7.0  2.6037081266038204  2.939713055500252  3.2728842768345525  0.23157097356380915  242.40080168245842 
8.0  2.6187359580562926  2.9553112470541167  3.2893917007708087  0.22885536576868676  242.4223978432098 
9.0  2.634629877769148  2.971804932347979  3.306764622721799  0.22614846545533038  242.44327982956676 
10.0  2.6511521788476706  2.9889615199243846  3.324766951299109  0.22344346413627844  242.46358229379456 
11.0  2.668086740289963  3.0065700217250235  3.343184175688535  0.22074311752444956  242.4835243325719 
12.0  2.685229135871358  3.0244292710635357  3.361809204025727  0.21807895930775686  242.50325863302336 
13.0  2.7023470662841533  3.0423208352710565  3.3804104156657266  0.21540627238857601  242.5227618155541 
14.0  2.7192430583081286  3.060057770843489  3.398792494724114  0.21273420525949363  242.54249360264677 
15.0  2.7356960021221655  3.0774335441765706  3.4167435211866106  0.21007949936308673  242.56257200432086 
16.0  2.751428126487459  3.0941997178693184  3.434059125544609  0.20743244726793408  242.58309065506302 
17.0  2.7661225309674085  3.1100722898764857  3.45060677743833  0.20480908187949257  242.60436050534943 
18.0  2.7793252192416036  3.124671243003774  3.46610200785253  0.20216236816718927  242.62657773664606 
19.0  2.7896991484535314  3.1370965591409603  3.480191998845221  0.19955289705127036  242.65046524606288 
20.0  2.796569119022097  3.1464565073659125  3.491702768565938  0.19694603071012892  242.67687953979154 
21.0  2.800126414372261  3.1526200147454913  3.500100209198713  0.19434812980690921  242.7067316113679 
22.0  2.800473707441633  3.1557102227560665  3.505538812934194  0.1917479594084058  242.73992060602356 
23.0  2.7976994242083006  3.155824464107682  3.5081409136053616  0.18917678499954832  242.7765462021265 
24.0  2.7918432748114186  3.1530123484478088  3.5079687087907483  0.1866020218346286  242.81644908905426 
25.0  2.782995133911588  3.147360829654959  3.5051284618186376  0.18403833828808222  242.85995073502178 
26.0  2.7712841045755594  3.1389856328842494  3.4997710260000736  0.18148201020546606  242.90702195265754 
27.0  2.7579819554888747  3.12858173060213  3.4910414669812693  0.17894729028960613  242.95772680110687 
28.0  2.744627541759811  3.1175234392910998  3.479720583117163  0.1764026849228589  243.01084972157759 
29.0  2.7318344715184932  3.106799543039922  3.468954111583652  0.17388738679177257  243.06514243124843 
30.0  2.7199375091354483  3.0968040571712154  3.45908354779527  0.17136659515776212  243.1196998914552 
31.0  2.709074010077648  3.087728545821246  3.4502460254507885  0.1688536220699754  243.17441352214885 
32.0  2.6992042517540527  3.079574506348855  3.442411153827413  0.16636573527349924  243.23112849940455 
33.0  2.6901689032990057  3.0722133186142666  3.435416071767946  0.16386808221024288  243.2878312157255 
34.0  2.681773483364222  3.065469044336004  3.429060854476845  0.1613916651481492  243.34466748834228 
35.0  2.6737800385917496  3.059114605199742  3.423107719228125  0.15891387581088887  243.4015642828734 
36.0  2.665996775108525  3.052945735239933  3.4173410254289953  0.15645534830941848  243.45897313918238 
37.0  2.658244583946996  3.046784434742205  3.411577210447799  0.15398862175451422  243.5169309073977 
38.0  2.650357897030104  3.040483713054892  3.405689697981621  0.15154339566954025  243.57590758664 
39.0  2.6421875067805316  3.033895225365571  3.3995226834951056  0.1490954836566757  243.63586607547438 
40.0  2.6336368404967363  3.0269203836813916  3.3929758689961647  0.1466658805522009  243.6972487797983 
41.0  2.624625432081022  3.0194792518229963  3.385968866904142  0.14422828304886207  243.76002164560788 
42.0  2.6151130747469318  3.0115295652043907  3.3784615227489434  0.14180312949061918  243.82459650283246 
43.0  2.60507040019267  3.003041355615236  3.370424515284986  0.13938351364647739  243.89089090831996 
44.0  2.594493152782459  2.9940107658184356  3.361863421435312  0.13696145468473778  243.9590788871449 
45.0  2.583387051673795  2.9844419834783387  3.3527784699168866  0.13454874872123232  244.02932196631104 
46.0  2.5717676499440025  2.974350856261949  3.343180769236735  0.13214091201776548  244.1015758168486 
47.0  2.559659230870804  2.963762626350979  3.3330946166633324  0.12972562918486416  244.175948542888 
48.0  2.5470957675704877  2.952710685516966  3.322553993643275  0.12731320458910386  244.25260996142694 
49.0  2.5341086160325057  2.941226598284118  3.3115902651362674  0.12490056956750553  244.33151414872788 
50.0  2.5207306681589587  2.9293418294345113  3.300236548145655  0.12248471032058375  244.41271641584567 
51.0  2.5070006673973584  2.9170916684318917  3.288544051482771  0.12006804530527544  244.44577879813372 
52.0  2.4929483042829093  2.9045124107734424  3.2765296568375732  0.11764327033106611  244.46640724112086 
53.0  2.478609798162181  2.8916408556910382  3.2642295950428157  0.11520879548695061  244.48770347554628 
54.0  2.464020595241712  2.878512655594147  3.251679322532264  0.11276611535270971  244.5096658788973 
55.0  2.449212927477915  2.8651606820674074  3.2389110810048374  0.11031015404658039  244.53224431885567 
56.0  2.434217699553854  2.8516162343948928  3.225955783862731  0.10784037607556989  244.55538712995747 
57.0  2.4190637642225847  2.837908629723539  3.212842291826478  0.10535692468989899  244.5790453954145 
58.0  2.403778218320604  2.8240662501030185  3.1996042044439785  0.1028461348091049  244.60317237175408 
59.0  2.3883892445778083  2.8101171891680092  3.1862684786772064  0.10031684686340334  244.6277174829996 
60.0  2.3729209798746353  2.7960870703570895  3.1728539249227974  0.09773575995520223  244.6526149223702 
61.0  2.357397798209919  2.7820001409130297  3.159384929327876  0.09509261943529176  244.67777726186975 
62.0  2.3418367536718554  2.767874857275172  3.1458785574652017  0.09238059873633528  244.7032354821492 
63.0  2.3262592302439375  2.7537319277305445  3.1323562033791736  0.08959444546300012  244.72894787651657 
64.0  2.3106780319971176  2.7395837938122165  3.1188306810470525  0.08673080632591659  244.75489020944 
65.0  2.295101961429828  2.725439961963266  3.1053108027837264  0.08378760363252608  244.78104627557786 
66.0  2.2795424821965398  2.711309555197168  3.0918112182609265  0.08076450720662096  244.80739327521022 
67.0  2.263997110738744  2.6971920435774956  3.0783341441299603  0.07765506087490527  244.83388980256876 
68.0  2.2484749394941015  2.683093197146411  3.0648807823007433  0.07446172400803591  244.86051934573268 
69.0  2.2329674279619285  2.6690064827800812  3.0514426009535476  0.07118450514258  244.88734980042793 
70.0  2.2174793935325683  2.6549331186375738  3.038024429408212  0.0678269109000452  244.9143725760416 
71.0  2.2019984483298187  2.640863288428925  3.024613889006725  0.06445062867480784  244.94161895202237 
72.0  2.1865332707752105  2.6268029798248893  3.011219671465274  0.06107434644957034  244.96907159883742 
73.0  2.1710810665640423  2.612752147150872  2.997838994110449  0.05769806422433283  244.99672882788298 
74.0  2.1556528382998774  2.5987215179644703  2.9844828729026416  0.05432178199909548  245.02448258744727 
75.0  2.1402557735932803  2.584717108732264  2.971161229707173  0.050945499773858  245.05241168378558 
76.0  2.1248905507440172  2.5707416771277747  2.957879671257052  0.04756921754862053  245.08051622376513 
77.0  2.1095668836963517  2.5568050551551944  2.9446402565721836  0.04419293532338311  245.10877410796076 
78.0  2.094291181185069  2.5429142740995907  2.9314506656216968  0.04081665309814565  245.1371674715529 
79.0  2.0790691353442257  2.5290736144436154  2.9183160004640456  0.03744037087290808  245.1656842077682 
80.0  2.063901121505208  2.515284913157643  2.9052360056034363  0.03406408864767071  245.19421754153308 
81.0  2.048794436381551  2.5015556513059862  2.89221799106002  0.03068780642243331  245.2228485605747 
82.0  2.0337549993210833  2.487891949234879  2.879267888597251  0.027311524197195885  245.25156898847484 
83.0  2.0187877453911227  2.474298960299381  2.8663906450277583  0.023935241971958333  245.28036542123164 
84.0  2.00389691276817  2.4607811587093225  2.85359050975187  0.02055895974672095  245.30922577825731 
85.0  1.9890862511195722  2.4473425482222275  2.840875038440546  0.017182677521483582  245.33813882727895 
86.0  1.9743591711591295  2.4339868118892745  2.8282498875040596  0.01380639529624601  245.3669892722507 
87.0  1.9597188505731498  2.4207174180633935  2.8157122108703807  0.010430113071008586  245.39585380329143 
88.0  1.9451683077099322  2.4075376940672633  2.8032650389008236  0.007053830845771132  245.42473858886856 
89.0  1.9306831771242163  2.3944058644290545  2.7909112922510833  0.004166666666666667  245.45363322990443 
90.0  1.9160252740843673  2.3809931751501447  2.7785462084477017  0.004166666666666667  245.48282055262564 
91.0  1.9007454771088277  2.3669643778685954  2.765559142113352  0.004166666666666667  245.51398580086428 
92.0  1.8850946126294623  2.3525692103078755  2.7522011035288365  0.004166666666666667  245.5463553863707 
93.0  1.8692436451731904  2.3379778774847826  2.7386431821924946  0.004166666666666667  245.5795915384462 
94.0  1.8533084711505468  2.3233057481154695  2.725001359295534  0.004166666666666667  245.6134065379473 
95.0  1.837364016524412  2.3086304772963335  2.71135371190121  0.004166666666666667  245.64759121616112 
96.0  1.8214560897496819  2.294003868332704  2.6977534649557264  0.004166666666666667  245.6820023427879 
97.0  1.8056283869192118  2.279460072960509  2.6842409186032445  0.004166666666666667  245.71641004949916 
98.0  1.7899031670489365  2.265021243471372  2.670831265787974  0.004166666666666667  245.7508464903088 
99.0  1.7742945344521523  2.2507014146072075  2.6575386382575057  0.004166666666666667  245.78529905851784 
