0.0  2.548231420653044  2.880453693706476  3.2070496790834815  0.2686215682249185  242.24454630287485 
1.0  2.5462307605616785  2.879594925887539  3.207127616818897  0.2688564157667614  242.26684825164486 
2.0  2.5416173059389404  2.876112971999596  3.2046158872017068  0.26885641576676006  242.2931494979068 
3.0  2.53477407369548  2.870397163796131  3.1998768828329025  0.2688564157667609  242.3213962592092 
4.0  2.5260292360255727  2.8627752518646092  3.1932374042521654  0.26885641576676234  242.35130490539692 
5.0  2.515662833421999  2.853528087476176  3.1849775013399926  0.268856415766762  242.3826359037646 
6.0  2.503915289296045  2.842896781126227  3.175337605253683  0.2688564157667588  242.4151859935784 
7.0  2.490981659519146  2.8310844657917236  3.1645244273288413  0.26885641576676234  242.4487819961898 
8.0  2.477030480229583  2.8182597988863893  3.15270596141511  0.26885641576676017  242.48328468404566 
9.0  2.462218314102289  2.804572492240865  3.1400274918856113  0.2688564157667595  242.51857434390175 
10.0  2.446680050265894  2.7901578215022127  3.1266239299464074  0.2688564157667597  242.55453956022998 
11.0  2.4305319290184344  2.775132358975936  3.112611534461568  0.2688564157667632  242.59108444499483 
12.0  2.413874118089312  2.759596558078026  3.0980904888757377  0.2688564157667644  242.62812635173853 
13.0  2.396794269385536  2.7436374232665575  3.0831471046014793  0.2688564157667605  242.66559396726817 
14.0  2.3793688301006504  2.7273309684278  3.067856857780319  0.268856415766759  242.70342465862595 
15.0  2.3616612541274975  2.7107423591212263  3.0522855202239794  0.2688564157667603  242.7415635445659 
16.0  2.343726114937619  2.6939263248078307  3.0364876720327203  0.2688564157667594  242.7799490543919 
17.0  2.325610305733643  2.6769298938582655  3.0205102126211125  0.26885641576675884  242.81853883554274 
18.0  2.307354077632261  2.659793434681884  3.0043933990928604  0.268856415766763  242.85731690779002 
19.0  2.2889919386852613  2.6425515572739107  2.988171745421124  0.26885641576676217  242.89625389823988 
20.0  2.2705534329753383  2.6252338944819296  2.9718748016752605  0.26885641576676367  242.93532444009097 
21.0  2.252063816106574  2.6078657793647078  2.9555278296177585  0.26885641576676206  242.97450663889805 
22.0  2.2335365494613906  2.5904644079953627  2.939152388592249  0.26885641576675867  243.01378161040847 
23.0  2.214978673238668  2.5730387349409485  2.9227600693632496  0.26885641576676095  243.05313960537347 
24.0  2.1964089735586345  2.555601572170995  2.9063580373150226  0.26885641576676045  243.09257587946834 
25.0  2.1778434012308554  2.5381693814275024  2.889961230398294  0.2688564157667588  243.132052115118 
26.0  2.159295467310716  2.5207557212612812  2.873583169865943  0.2688564157667625  243.17156405207993 
27.0  2.140776585500408  2.5033720475161703  2.8572352797391902  0.2688564157667611  243.21111647008414 
28.0  2.1222963683652427  2.486028010347397  2.840927183090978  0.26885641576676056  243.2507002792176 
29.0  2.103862883417977  2.468731710997602  2.8246669581841513  0.2688564157667635  243.29030769611578 
30.0  2.0854630204462405  2.4514829315144304  2.808461359730165  0.26885641576676667  243.3299320652615 
31.0  2.067105100605232  2.4342775322871866  2.7922995063379914  0.26885641576675934  243.36958430950736 
32.0  2.0487967707970394  2.417122742195582  2.776188362358232  0.2688564157667582  243.40925755214016 
33.0  2.030544391296513  2.4000249515864964  2.7601342996003706  0.2688564157667614  243.44894088271207 
34.0  2.0123532253348526  2.3829894510138163  2.744142593044303  0.26885641576676017  243.48859546546217 
35.0  1.994227601996475  2.366020594585827  2.728217583776102  0.26885641576676156  243.52825417923563 
36.0  1.9761710560385841  2.34912194017117  2.712362818838827  0.26885641576675773  243.56791308513712 
37.0  1.95818644777014  2.332296369608985  2.6965811711365526  0.2688564157667612  243.60756884968805 
38.0  1.9402760657155342  2.3155461916562468  2.6808749421181632  0.2688564157667619  243.6472186574951 
39.0  1.9224417144299761  2.298873230046007  2.6652459496089778  0.268856415766761  243.6868601359976 
40.0  1.904684789521367  2.2822788987170735  2.649695602845861  0.26885641576676367  243.72649129069296 
41.0  1.8870063416609801  2.2657642660024617  2.6342249664988544  0.26885641576676356  243.76611044944497 
42.0  1.869407131127732  2.249330109325746  2.618834815224756  0.26885641576676345  243.80568857946764 
43.0  1.8518876742238124  2.2329769617467874  2.6035256800908875  0.2688564157667618  243.84523532702235 
44.0  1.8344304814849648  2.216695416676402  2.588297888026629  0.2688564157667607  243.8847663279912 
45.0  1.8170365234888093  2.2004794666328644  2.573137057495138  0.2688564157667633  243.92429662020655 
46.0  1.799708977579872  2.1843308932088026  2.558043936814059  0.26885641576676084  243.96382503421265 
47.0  1.7824503694488634  2.168252228177746  2.543021066609421  0.2688564157667622  244.00334839803548 
48.0  1.7652626793296353  2.152245797159081  2.5280704426371163  0.2688564157667614  244.0428640689886 
49.0  1.7481474316596493  2.1363131452978545  2.5131936054400854  0.2688564157667639  244.08236985097903 
50.0  1.7311057706792135  2.1204554369127417  2.498391715944482  0.26885641576676184  244.12186126074536 
51.0  1.7141385240883233  2.104673519325107  2.4836656191140674  0.2688564157667612  244.16129570688804 
52.0  1.697248920046412  2.0889688643801687  2.4690158974751952  0.2688564157667613  244.2007154708697 
53.0  1.680438349644439  2.073343625622115  2.454445067914974  0.26885641576676  244.2401170908203 
54.0  1.6637063063199284  2.057798321940527  2.4399541494204406  0.26885641576676106  244.27949874330346 
55.0  1.6470350138646657  2.042326456690472  2.425542624408232  0.2688564157667637  244.3188603385935 
56.0  1.6304261658237083  2.0269191738963586  2.411196081736922  0.26885641576676045  244.358217904825 
57.0  1.6138822487698898  2.0115782016488404  2.3969158315517975  0.2688564157667621  244.3975695181281 
58.0  1.5974051835715524  1.9963054834555853  2.3827038115680175  0.26885641576676095  244.43691247431377 
59.0  1.5809964247248216  1.981102495715375  2.3685614939064736  0.2688564157667606  244.47622574243815 
60.0  1.564657042945156  1.965970330525502  2.3544899676656694  0.26885641576676444  244.51549661146476 
61.0  1.5483877937414239  1.9509097644358742  2.3404900074800272  0.26885641576676494  244.55475308008866 
62.0  1.5321891742680982  1.9359213154516213  2.326562130360126  0.2688564157667624  244.59399395614656 
63.0  1.5160614703883664  1.9210052902222476  2.3127066427476097  0.2688564157667642  244.63321827765384 
64.0  1.5000047955735536  1.9061618230470354  2.298923679410012  0.26885641576676095  244.67242527295267 
65.0  1.4840191230037887  1.8913909080653097  2.2852132355402666  0.268856415766761  244.71161432757432 
66.0  1.4680861725016618  1.876682514741892  2.2715751932056727  0.26885641576676383  244.7507849567291 
67.0  1.4522078514466077  1.8620310612712143  2.257994979344319  0.26885641576675734  244.78995450125083 
68.0  1.436387245869575  1.8474389183144384  2.2444740677128996  0.26885641576676017  244.82909009719745 
69.0  1.4206267289215764  1.832908438637051  2.231014852709571  0.2688564157667644  244.86819910724165 
70.0  1.404928094808876  1.8184409180413768  2.2176191511554926  0.26885641576676067  244.90729854960543 
71.0  1.3892926683854012  1.8040382810620872  2.204288311817271  0.268856415766763  244.94638625503956 
72.0  1.3737213946932094  1.7897014988929156  2.1910233048916417  0.2688564157667577  244.9854604858562 
73.0  1.358214912007624  1.775431235981024  2.1778247950076137  0.2688564157667622  245.02451985649813 
74.0  1.342773611331981  1.76122790966611  2.1646932006896833  0.26885641576675984  245.06356326838565 
75.0  1.327397684776715  1.7470917386801816  2.151628742715722  0.26885641576676345  245.10258985655693 
76.0  1.3120871648336123  1.7330227825236584  2.138631483379373  0.2688564157667627  245.14159894603904 
77.0  1.2968419562030213  1.7190209733796225  2.1257013583138065  0.2688564157667625  245.1805520704912 
78.0  1.2816618615391797  1.7050861419346288  2.1128382022412633  0.26885641576676245  245.21947191255765 
79.0  1.2665466022359075  1.6912180382309798  2.100041769769944  0.2688564157667628  245.2583728102121 
80.0  1.2514958351739078  1.6774163484738969  2.0873117521589286  0.26885641576676317  245.29725455258807 
81.0  1.23650916618473  1.6636807085504004  2.074648709436217  0.26885641576676034  245.336116995617 
82.0  1.2215861608491578  1.6500107148791323  2.062052393441863  0.26885641576676245  245.37496004951953 
83.0  1.2067255896445086  1.63640594093091  2.0495213352154122  0.268856415766762  245.41378366871692 
84.0  1.1919273767957732  1.6228688472837582  2.0370582521357874  0.26885358461610404  245.45261007467326 
85.0  1.1772083339386865  1.609411726403819  2.0246764532505708  0.26883789106462114  245.491515408952 
86.0  1.1625639719892757  1.5960314251209329  2.0123714996662923  0.26882242078949475  245.53034421256802 
87.0  1.1479906243967244  1.5827243089329255  2.0001397746292784  0.26880718331674597  245.56912253056637 
88.0  1.13347555573618  1.5694820964781206  1.9879783128724462  0.2687921879965638  245.6078698288358 
89.0  1.1190089661587155  1.5562949541227202  1.9758772191639655  0.26877745302158257  245.64659882328445 
90.0  1.1045901000667697  1.5431604843730873  1.9638289053565368  0.26876299520701785  245.68531932913498 
91.0  1.0902228127041083  1.5300800850686704  1.9518347721591338  0.268748821299105  245.72402889756907 
92.0  1.0759081475023728  1.5170547188390153  1.9398957868807967  0.2687349387596833  245.76272563016997 
93.0  1.0616466827742885  1.504084992844801  1.9280125764073286  0.26872135571890654  245.80140806426718 
94.0  1.0474387274618853  1.4911706776282547  1.9161855006040618  0.26870808094207627  245.84007508179528 
95.0  1.0332843790133186  1.4783125111984101  1.904414710156081  0.26869512380848054  245.87869309909684 
96.0  1.0191854848784583  1.4655110926475476  1.892700192053922  0.26868249430035057  245.917269658822 
97.0  1.0051440218016685  1.4527679545929197  1.881043250589079  0.2686702030004482  245.95582652477682 
98.0  0.9911586874620839  1.4400836250890041  1.8694452775803825  0.26865825942368865  245.99436098182287 
99.0  0.9772283281752626  1.4274570024206692  1.8579051877201118  0.2686466732987825  246.03287387197824 
